"","gn-14","gn-13","gn-11","gn-10","gn-9","gn-7","gn-6","gn-5","gn-4","gn-3","gn-2","gn-1","bn-3","bn-2","bn-1","bn-Walem","ru-1","me-7-2b","s-9a","s-10a","ak-41","s-12","ws-53A","ws-borssele","ws-WN2","s-8","s-8a","s-9","ws-42A","ws-HW6","ws-18","ws-16","ws-12A","ws-15","ws-6","s-7","s-6","ws-55","ws-13","s-11","ws-PVTSS","ws-4","bpns-WZ","ws-F42","ws-25A","ws-25","ws-23","ws-A5","ws-A3","ws-A1","ws-15A","ws-TRAWL","ws-53","ws-11","ws-OGDL","ws-OG10","ws-2C","bpns-WENDUINEBANKW","bpns-Trapegeer","ws-W7","bpns-zbw2","s-4c","s-4b","s-4a","s-5","bpns-Nautica Ena","bpns-Sigurd Faulbaums","rel_grotenete1","NA"
"gn.14",0,2402.06796661835,6802.57816022017,7909.64021174218,10865.1665308946,20703.7555657798,24197.1541333229,31077.5598567806,35835.0929212896,40266.9166322362,42455.3276744349,42929.5774813765,44745.1978654566,47026.4956903958,51529.0645906903,56181.5912633295,63844.629732065,67319.3814630444,79844.783757442,87411.5093224329,87673.6366085645,102527.010254908,127171.207104733,152807.284392242,169352.601336923,74225.5002473481,74075.4980635876,79674.0734488639,127459.739869813,128468.938464377,144567.820141682,145648.472676853,147271.953947624,150339.641889311,150017.512078004,76537.4030219218,78456.5519178817,126706.967169848,151342.39804187,102094.184772403,150993.858714213,150336.766877361,189651.950105682,127608.292435395,146751.967298321,147272.646365728,148027.601659539,148932.547024908,149401.099477717,149890.364092745,149917.518696967,169258.305310018,127569.743122909,151599.516354572,167509.805978065,168244.753639966,151048.115252889,214601.578171265,242781.611124797,169024.081753381,190539.005651014,86502.5766372599,89192.4930256582,92560.2174505289,83729.8237121917,214700.879134199,231613.390501451,1077.79771022826,170.710308577227
"gn.13",2402.06796661835,0,4471.21500893726,5578.27706045928,8533.80337961173,18372.3924144969,21865.79098204,28746.1967054977,33503.7297700067,37935.5534809533,40123.964523152,40598.2143300936,42413.8347141737,44695.1325391129,49197.7014394074,53850.2281120466,61513.2665807821,64988.0183117615,77513.4206061592,85080.1461711501,85342.2734572816,100195.647103625,124839.84395345,150475.921240959,167021.23818564,71894.1370960652,71744.1349123047,77342.7102975811,125128.376718531,126137.575313094,142236.456990399,143317.10952557,144940.590796342,148008.278738029,147686.148926722,74206.0398706389,76125.1887665989,124375.604018566,149011.034890587,99762.8216211206,148662.49556293,148005.403726078,187320.586954399,125276.929284112,144420.604147038,144941.283214445,145696.238508256,146601.183873625,147069.736326434,147559.000941462,147586.155545684,166926.942158735,125238.379971626,149268.153203289,165178.442826782,165913.390488683,148716.752101606,212270.215019982,240450.247973514,166692.718602099,188207.642499731,84171.2134859771,86861.1298743754,90228.854299246,81398.4605609089,212369.515982916,229282.027350168,3479.86567684661,2572.77827519557
"gn.11",6802.57816022017,4471.21500893726,0,1107.06205152202,4062.58837067447,13901.1774055596,17394.5759731028,24274.9816965605,29032.5147610694,33464.3384720161,35652.7495142148,36126.9993211564,37942.6197052364,40223.9175301757,44726.4864304701,49379.0131031094,57042.0515718448,60516.8033028243,73042.205597222,80608.9311622129,80871.0584483445,95724.4320946877,120368.628944513,146004.706232022,162550.023176703,67422.9220871281,67272.9199033676,72871.4952886439,120657.161709593,121666.360304157,137765.241981462,138845.894516633,140469.375787405,143537.063729091,143214.933917784,69734.8248617018,71653.9737576617,119904.389009628,144539.81988165,95291.6066121834,144191.280553993,143534.188717141,182849.371945462,120805.714275175,139949.389138101,140470.068205508,141225.023499319,142129.968864688,142598.521317497,143087.785932525,143114.940536747,162455.727149798,120767.164962689,144796.938194352,160707.227817845,161442.175479746,144245.537092669,207799.000011045,235979.032964577,162221.503593162,183736.427490794,79699.9984770399,82389.9148654382,85757.6392903089,76927.2455519717,207898.300973979,224810.812341231,7880.37587044843,6973.2884687974
"gn.10",7909.64021174218,5578.27706045928,1107.06205152202,0,2955.52631915246,12794.1153540376,16287.5139215808,23167.9196450385,27925.4527095474,32357.2764204941,34545.6874626928,35019.9372696344,36835.5576537144,39116.8554786537,43619.4243789481,48271.9510515874,55934.9895203228,59409.7412513023,71935.1435457,79501.8691106909,79763.9963968224,94617.3700431657,119261.566892991,144897.6441805,161442.961125181,66315.860035606,66165.8578518455,71764.4332371219,119550.099658071,120559.298252635,136658.17992994,137738.832465111,139362.313735883,142430.00167757,142107.871866262,68627.7628101797,70546.9117061397,118797.326958106,143432.757830128,94184.5445606614,143084.218502471,142427.126665619,181742.30989394,119698.652223653,138842.327086579,139363.006153986,140117.961447797,141022.906813166,141491.459265975,141980.723881003,142007.878485225,161348.665098276,119660.102911167,143689.87614283,159600.165766323,160335.113428224,143138.475041147,206691.937959523,234871.970913055,161114.44154164,182629.365439272,78592.9364255179,81282.8528139162,84650.5772387868,75820.1835004497,206791.238922457,223703.750289709,8987.43792197045,8080.35052031941
"gn.9",10865.1665308946,8533.80337961173,4062.58837067447,2955.52631915246,0,9867.87760058709,13361.2761681303,20241.681891588,24999.2149560969,29431.0386670436,31619.4497092423,32093.6995161839,33909.3199002639,36190.6177252032,40693.1866254976,45345.7132981369,53008.7517668723,56483.5034978518,69008.9057922495,76575.6313572404,76837.758643372,91691.1322897153,116335.32913954,141971.40642705,158516.723371731,63389.6222821555,63239.620098395,68838.1954836714,116623.861904621,117633.060499184,133731.94217649,134812.59471166,136436.075982432,139503.763924119,139181.634112812,65701.5250567293,67620.6739526892,115871.089204656,140506.520076678,91258.3068072109,140157.980749021,139500.888912169,178816.072140489,116772.414470203,135916.089333128,136436.768400536,137191.723694347,138096.669059715,138565.221512524,139054.486127553,139081.640731774,158422.427344825,116733.865157716,140763.63838938,156673.928012873,157408.875674774,140212.237287697,203765.700206073,231945.733159604,158188.203788189,179703.127685822,75666.6986720674,78356.6150604657,81724.3394853364,72893.9457469992,203865.001169006,220777.512536259,11942.9642411229,11035.8768394719
"gn.7",20703.7555657798,18372.3924144969,13901.1774055596,12794.1153540376,9867.87760058709,0,3493.39856754317,10373.8042910009,15131.3373555099,19563.1610664565,21751.5721086553,22225.8219155969,24041.4422996769,26322.7401246161,30825.3090249106,35477.8356975498,43140.8741662852,46615.6258972647,59141.0281916625,66707.7537566534,66969.8810427849,81823.2546891282,106467.451538953,132103.528826463,148648.845771144,53521.7446815685,53371.742497808,58970.3178830844,106755.984304034,107765.182898597,123864.064575903,124944.717111073,126568.198381845,129635.886323532,129313.756512225,55833.6474561422,57752.7963521022,106003.211604069,130638.642476091,81390.4292066239,130290.103148434,129633.011311582,168948.194539903,106904.536869616,126048.211732542,126568.890799949,127323.84609376,128228.791459129,128697.343911938,129186.608526966,129213.763131188,148554.549744239,106865.987557129,130895.760788793,146806.050412286,147540.998074187,130344.35968711,193897.822605486,222077.855559018,148320.326187602,169835.250085235,65798.8210714804,68488.7374598787,71856.4618847493,63026.0681464122,193997.12356842,210909.634935672,21781.553276008,20874.465874357
"gn.6",24197.1541333229,21865.79098204,17394.5759731028,16287.5139215808,13361.2761681303,3493.39856754317,0,6880.40572345775,11637.9387879667,16069.7624989134,18258.1735411121,18732.4233480537,20548.0437321337,22829.341557073,27331.9104573674,31984.4371300066,39647.4755987421,43122.2273297215,55647.6296241193,63214.3551891102,63476.4824752418,78329.8561215851,102974.05297141,128610.13025892,145155.447203601,50028.3461140253,49878.3439302648,55476.9193155412,103262.585736491,104271.784331054,120370.66600836,121451.31854353,123074.799814302,126142.487755989,125820.357944682,52340.2488885991,54259.397784559,102509.813036526,127145.243908548,77897.0306390807,126796.704580891,126139.612744039,165454.79597236,103411.138302072,122554.813164998,123075.492232406,123830.447526217,124735.392891586,125203.945344395,125693.209959423,125720.364563644,145061.151176696,103372.588989586,127402.36222125,143312.651844743,144047.599506644,126850.961119567,190404.424037943,218584.456991475,144826.927620059,166341.851517692,62305.4225039372,64995.3388923355,68363.0633172062,59532.6695788691,190503.725000877,207416.236368129,25274.9518435512,24367.8644419001
"gn.5",31077.5598567806,28746.1967054977,24274.9816965605,23167.9196450385,20241.681891588,10373.8042910009,6880.40572345775,0,4757.53306450899,9189.35677545564,11377.7678176544,11852.017624596,13667.638008676,15948.9358336153,20451.5047339097,25104.0314065489,32767.0698752844,36241.8216062638,48767.2239006616,56333.9494656525,56596.0767517841,71449.4503981275,96093.6472479527,121729.724535462,138275.041480143,43147.9403905676,42997.9382068071,48596.5135920835,96382.1800130331,97391.3786075968,113490.260284902,114570.912820073,116194.394090845,119262.082032532,118939.952221225,45459.8431651413,47378.9920611013,95629.4073130682,120264.83818509,71016.6249156231,119916.298857433,119259.207020581,158574.390248902,96530.7325786149,115674.407441541,116195.086508948,116950.041802759,117854.987168128,118323.539620937,118812.804235965,118839.958840187,138180.745453238,96492.1832661284,120521.956497792,136432.246121285,137167.193783187,119970.55539611,183524.018314485,211704.051268017,137946.521896602,159461.445794234,55425.0167804795,58114.9331688778,61482.6575937486,52652.2638554113,183623.319277419,200535.830644671,32155.3575670089,31248.2701653578
"gn.4",35835.0929212896,33503.7297700067,29032.5147610694,27925.4527095474,24999.2149560969,15131.3373555099,11637.9387879667,4757.53306450899,0,4431.82371094665,6620.23475314538,7094.48456008699,8910.10494416703,11191.4027691063,15693.9716694008,20346.49834204,28009.5368107754,31484.2885417549,44009.6908361526,51576.4164011436,51838.5436872751,66691.9173336186,91336.1141834438,116972.191470953,133517.508415635,38390.4073260586,38240.4051422981,43838.9805275745,91624.6469485242,92633.8455430878,108732.727220393,109813.379755564,111436.861026336,114504.548968023,114182.419156716,40702.3101006324,42621.4589965923,90871.8742485593,115507.305120581,66259.0918511142,115158.765792924,114501.673956072,153816.857184393,91773.1995141059,110916.874377032,111437.553444439,112192.50873825,113097.454103619,113566.006556428,114055.271171456,114082.425775678,133423.212388729,91734.6502016195,115764.423433283,131674.713056776,132409.660718678,115213.022331601,178766.485249977,206946.518203508,133188.988832093,154703.912729725,50667.4837159705,53357.4001043688,56725.1245292396,47894.7307909024,178865.78621291,195778.297580163,36912.8906315178,36005.8032298668
"gn.3",40266.9166322362,37935.5534809533,33464.3384720161,32357.2764204941,29431.0386670436,19563.1610664565,16069.7624989134,9189.35677545564,4431.82371094665,0,2246.98817360282,2721.23798054442,4536.85836462446,6818.15618956371,11320.7250898582,15973.2517624975,23636.2902312329,27111.0419622123,39636.4442566101,47203.169821601,47465.2971077326,62318.6707540761,86962.8676039013,112598.944891411,129144.261836092,34017.1607465161,33867.1585627556,39465.733948032,87251.4003689817,88260.5989635453,104359.480640851,105440.133176021,107063.614446793,110131.30238848,109809.172577173,36329.0635210898,38248.2124170498,86498.6276690168,111134.058541039,61885.8452715717,110785.519213382,110128.42737653,149443.610604851,87399.9529345635,106543.627797489,107064.306864897,107819.262158708,108724.207524077,109192.759976886,109682.024591914,109709.179196135,129049.965809187,87361.403622077,111391.176853741,127301.466477234,128036.414139135,110839.775752058,174393.238670434,202573.271623966,128815.742252551,150330.666150183,46294.237136428,48984.1535248263,52351.8779496971,43521.4842113598,174492.539633368,191405.05100062,41344.7143424644,40437.6269408134
"gn.2",42455.3276744349,40123.964523152,35652.7495142148,34545.6874626928,31619.4497092423,21751.5721086553,18258.1735411121,11377.7678176544,6620.23475314538,2246.98817360282,0,474.249806941603,2289.87019102164,4571.1680159609,9073.73691625536,13726.2635888946,21389.3020576301,24864.0537886095,37389.4560830073,44956.1816479982,45218.3089341298,60071.6825804733,84715.8794302986,110351.956717808,126897.273662489,31770.1725729133,31620.1703891528,37218.7457744292,85004.412195379,86013.6107899426,102112.492467248,103193.145002419,104816.62627319,107884.314214878,107562.18440357,34082.0753474871,36001.224243447,84251.639495414,108887.070367436,59638.8570979689,108538.531039779,107881.439202927,147196.622431248,85152.9647609607,104296.639623887,104817.318691294,105572.273985105,106477.219350474,106945.771803283,107435.036418311,107462.191022533,126802.977635584,85114.4154484742,109144.188680138,125054.478303631,125789.425965532,108592.787578455,172146.250496832,200326.283450363,126568.754078948,148083.67797658,44047.2489628252,46737.1653512235,50104.8897760943,41274.4960377571,172245.551459765,189158.062827018,43533.1253846632,42626.0379830121
"gn.1",42929.5774813765,40598.2143300936,36126.9993211564,35019.9372696344,32093.6995161839,22225.8219155969,18732.4233480537,11852.017624596,7094.48456008699,2721.23798054442,474.249806941603,0,1815.62038408007,4096.91820901933,8599.48710931379,13252.0137819531,20915.0522506885,24389.803981668,36915.2062760657,44481.9318410567,44744.0591271882,59597.4327735317,84241.629623357,109877.706910867,126423.023855548,31295.9227659717,31145.9205822112,36744.4959674877,84530.1623884374,85539.360983001,101638.242660306,102718.895195477,104342.376466249,107410.064407936,107087.934596629,33607.8255405455,35526.9744365054,83777.3896884725,108412.820560494,59164.6072910273,108064.281232838,107407.189395985,146722.372624307,84678.7149540191,103822.389816945,104343.068884352,105098.024178164,106002.969543532,106471.521996341,106960.78661137,106987.941215591,126328.727828643,84640.1656415327,108669.938873196,124580.22849669,125315.176158591,108118.537771514,171672.00068989,199852.033643422,126094.504272006,147609.428169639,43572.9991558836,46262.9155442819,49630.6399691527,40800.2462308155,171771.301652824,188683.813020076,44007.3751916048,43100.2877899537
"bn.3",44745.1978654566,42413.8347141737,37942.6197052364,36835.5576537144,33909.3199002639,24041.4422996769,20548.0437321337,13667.638008676,8910.10494416703,4536.85836462446,2289.87019102164,1815.62038408007,0,2281.29782493926,6783.86672523372,11436.393397873,19099.4318666085,22574.1835975879,35099.5858919857,42666.3114569766,42928.4387431082,57781.8123894516,82426.0092392769,108062.086526787,124607.403471468,29480.3023818917,29330.3001981312,34928.8755834076,82714.5420043573,83723.740598921,99822.6222762263,100903.274811397,102526.756082169,105594.444023856,105272.314212549,31792.2051564654,33711.3540524254,81961.7693043924,106597.200176414,57348.9869069473,106248.660848758,105591.569011905,144906.752240227,82863.0945699391,102006.769432865,102527.448500272,103282.403794084,104187.349159452,104655.901612261,105145.166227289,105172.320831511,124513.107444563,82824.5452574526,106854.318489116,122764.60811261,123499.555774511,106302.917387434,169856.38030581,198036.413259342,124278.883887926,145793.807785559,41757.3787718036,44447.2951602019,47815.0195850726,38984.6258467354,169955.681268744,186868.192635996,45822.9955756848,44915.9081740338
"bn.2",47026.4956903958,44695.1325391129,40223.9175301757,39116.8554786537,36190.6177252032,26322.7401246161,22829.341557073,15948.9358336153,11191.4027691063,6818.15618956371,4571.1680159609,4096.91820901933,2281.29782493926,0,4502.56890029446,9155.09557293373,16818.1340416692,20292.8857726487,32818.2880670464,40385.0136320373,40647.1409181689,55500.5145645124,80144.7114143377,105780.788701847,122326.105646528,27199.0045569524,27049.0023731919,32647.5777584683,80433.2441794181,81442.4427739817,97541.3244512871,98621.9769864578,100245.45825723,103313.146198917,102991.01638761,29510.9073315262,31430.0562274861,79680.4714794532,104315.902351475,55067.689082008,103967.363023818,103310.271186966,142625.454415288,80581.7967449998,99725.4716079258,100246.150675333,101001.105969144,101906.051334513,102374.603787322,102863.86840235,102891.023006572,122231.809619623,80543.2474325134,104573.020664177,120483.31028767,121218.257949572,104021.619562495,167575.082480871,195755.115434403,121997.586062987,143512.50996062,39476.0809468643,42165.9973352626,45533.7217601334,36703.3280217962,167674.383443805,184586.894811057,48104.293400624,47197.205998973
"bn.1",51529.0645906903,49197.7014394074,44726.4864304701,43619.4243789481,40693.1866254976,30825.3090249106,27331.9104573674,20451.5047339097,15693.9716694008,11320.7250898582,9073.73691625536,8599.48710931379,6783.86672523372,4502.56890029446,0,4652.52667263955,12315.565141375,15790.3168723545,28315.7191667523,35882.4447317432,36144.5720178748,50997.9456642183,75642.1425140436,101278.219801553,117823.536746234,22696.4356566583,22546.4334728978,28145.0088581742,75930.675279124,76939.8738736877,93038.755550993,94119.4080861637,95742.8893569355,98810.5772986226,98488.4474873155,25008.338431232,26927.487327192,75177.9025791591,99813.333451181,50565.1201817139,99464.7941235242,98807.702286672,138122.885514994,76079.2278447058,95222.9027076317,95743.5817750388,96498.5370688503,97403.4824342189,97872.0348870279,98361.2995020562,98388.4541062778,117729.240719329,76040.6785322193,100070.451763883,115980.741387376,116715.689049277,99519.0506622005,163072.513580577,191252.546534109,117495.017162693,139009.941060326,34973.5120465702,37663.4284349685,41031.1528598393,32200.759121502,163171.814543511,180084.325910763,52606.8623009185,51699.7748992674
"bn.Walem",56181.5912633295,53850.2281120466,49379.0131031094,48271.9510515874,45345.7132981369,35477.8356975498,31984.4371300066,25104.0314065489,20346.49834204,15973.2517624975,13726.2635888946,13252.0137819531,11436.393397873,9155.09557293373,4652.52667263955,0,7663.03846873551,11137.790199715,23663.1924941128,31229.9180591038,31492.0453452353,46345.4189915788,70989.6158414042,96625.6931289138,113171.010073595,18043.9089840188,17893.9068002583,23492.4821855347,71278.1486064846,72287.3472010482,88386.2288783536,89466.8814135243,91090.3626842961,94158.0506259832,93835.9208146761,20355.8117585925,22274.9606545525,70525.3759065197,95160.8067785415,45912.5935090744,94812.2674508848,94155.1756140326,133470.358842354,71426.7011720663,90570.3760349923,91091.0551023994,91846.0103962109,92750.9557615795,93219.5082143884,93708.7728294168,93735.9274336383,113076.71404669,71388.1518595799,95417.9250912435,111328.214714737,112063.162376638,94866.5239895611,158419.986907938,186600.019861469,112842.490490054,134357.414387687,30320.9853739307,33010.901762329,36378.6261871998,27548.2324488625,158519.287870871,175431.799238124,57259.3889735577,56352.3015719066
"ru.1",63844.629732065,61513.2665807821,57042.0515718448,55934.9895203228,53008.7517668723,43140.8741662852,39647.4755987421,32767.0698752844,28009.5368107754,23636.2902312329,21389.3020576301,20915.0522506885,19099.4318666085,16818.1340416692,12315.565141375,7663.03846873551,0,3474.75173097947,16000.1540253773,23566.8795903683,23829.0068764999,38682.3805228433,63326.5773726688,88962.6546601784,105507.97160486,10380.8705152833,10230.8683315228,15829.4437167993,63615.1101377492,64624.3087323128,80723.1904096182,81803.8429447889,83427.3242155607,86495.0121572478,86172.8823459407,12692.7732898571,14611.922185817,62862.3374377843,87497.7683098062,38249.5550403389,87149.2289821494,86492.1371452972,125807.320373619,63763.6627033309,82907.3375662569,83428.016633664,84182.9719274755,85087.9172928441,85556.469745653,86045.7343606814,86072.8889649029,105413.675577954,63725.1133908445,87754.8866225081,103665.176246002,104400.123907903,87203.4855208257,150756.948439203,178936.981392734,105179.452021318,126694.375918951,22657.9469051953,25347.8632935936,28715.5877184643,19885.1939801271,150856.249402136,167768.760769389,64922.4274422931,64015.3400406421
"me.7.2b",67319.3814630444,64988.0183117615,60516.8033028243,59409.7412513023,56483.5034978518,46615.6258972647,43122.2273297215,36241.8216062638,31484.2885417549,27111.0419622123,24864.0537886095,24389.803981668,22574.1835975879,20292.8857726487,15790.3168723545,11137.790199715,3474.75173097947,0,12525.4022943979,20092.1278593889,20354.2551455204,35207.6287918639,59851.8256416894,85487.902929199,102033.21987388,6906.11878430383,6756.11660054331,12354.6919858198,60140.3584067698,61149.5570013334,77248.4386786388,78329.0912138094,79952.5724845813,83020.2604262683,82698.1306149613,9218.02155887758,11137.1704548375,59387.5857068049,84023.0165788267,34774.8033093595,83674.47725117,83017.3854143178,122332.56864264,60288.9109723515,79432.5858352775,79953.2649026846,80708.220196496,81613.1655618646,82081.7180146736,82570.9826297019,82598.1372339235,101938.923846975,60250.3616598651,84280.1348915287,100190.424515022,100925.372176923,83728.7337898463,147282.196708223,175462.229661755,101704.700290339,123219.624187972,19183.1951742158,21873.1115626141,25240.8359874849,16410.4422491477,147381.497671157,164294.009038409,68397.1791732726,67490.0917716215
"s.9a",79844.783757442,77513.4206061592,73042.205597222,71935.1435457,69008.9057922495,59141.0281916625,55647.6296241193,48767.2239006616,44009.6908361526,39636.4442566101,37389.4560830073,36915.2062760657,35099.5858919857,32818.2880670464,28315.7191667523,23663.1924941128,16000.1540253773,12525.4022943979,0,7566.72556499104,7828.85285112259,22682.2264974661,47326.4233472916,72962.5006348013,89507.8175794826,5619.28351009401,5769.28569385453,170.710308578076,47614.956112372,48624.1547069356,64723.0363842412,65803.6889194118,67427.1701901837,70494.8581318707,70172.7283205636,13400.9541216272,15320.1030175871,46862.1834124071,71497.6142844291,22249.4010149617,71149.0749567724,70491.9831199202,109807.166348242,47763.5086779537,66907.1835408799,67427.862608287,68182.8179020984,69087.763267467,69556.315720276,70045.5803353043,70072.7349395259,89413.5215525774,47724.9593654673,71754.7325971311,87665.0222206245,88399.9698825256,71203.3314954487,134756.794413826,162936.827367358,89179.2979959411,110694.221893574,23366.1277369654,26056.0441253637,29423.7685502345,20593.3748118973,134856.09537676,151768.606744012,80922.5814676702,80015.4940660191
"s.10a",87411.5093224329,85080.1461711501,80608.9311622129,79501.8691106909,76575.6313572404,66707.7537566534,63214.3551891102,56333.9494656525,51576.4164011436,47203.169821601,44956.1816479982,44481.9318410567,42666.3114569766,40385.0136320373,35882.4447317432,31229.9180591038,23566.8795903683,20092.1278593889,7566.72556499104,0,262.127286131549,15115.5009324751,39759.6977823006,65395.7750698104,81941.0920144917,13186.0090750851,13336.0112588456,7737.43587356911,40048.230547381,41057.4291419447,57156.3108192502,58236.9633544208,59860.4446251927,62928.1325668798,62606.0027555727,20967.6796866182,22886.8285825781,39295.4578474161,63930.8887194382,14682.6754499707,63582.3493917814,62925.2575549292,102240.440783251,40196.7831129628,59340.4579758889,59861.137043296,60616.0923371074,61521.0377024761,61989.590155285,62478.8547703134,62506.0093745349,81846.7959875865,40158.2338004763,64188.0070321402,80098.2966556336,80833.2443175347,63636.6059304577,127190.068848835,155370.101802367,81612.5724309502,103127.496328583,30932.8533019564,33622.7696903547,36990.4941152255,28160.1003768882,127289.369811769,144201.881179021,88489.3070326611,87582.21963101
"ak.41",87673.6366085645,85342.2734572816,80871.0584483445,79763.9963968224,76837.758643372,66969.8810427849,63476.4824752418,56596.0767517841,51838.5436872751,47465.2971077326,45218.3089341298,44744.0591271882,42928.4387431082,40647.1409181689,36144.5720178748,31492.0453452353,23829.0068764999,20354.2551455204,7828.85285112259,262.127286131549,0,14853.3736463436,39497.5704961691,65133.6477836789,81678.9647283602,13448.1363612166,13598.1385449771,7999.56315970066,39786.1032612495,40795.3018558131,56894.1835331187,57974.8360682893,59598.3173390612,62666.0052807482,62343.8754694411,21229.8069727498,23148.9558687097,39033.3305612846,63668.7614333067,14420.5481638392,63320.2221056499,62663.1302687977,101978.31349712,39934.6558268312,59078.3306897574,59599.0097571645,60353.9650509759,61258.9104163445,61727.4628691535,62216.7274841819,62243.8820884034,81584.668701455,39896.1065143448,63925.8797460087,79836.1693695021,80571.1170314032,63374.4786443262,126927.941562703,155107.974516235,81350.4451448187,102865.369042452,31194.980588088,33884.8969764862,37252.621401357,28422.2276630198,127027.242525637,143939.753892889,88751.4343187926,87844.3469171416
"s.12",102527.010254908,100195.647103625,95724.4320946877,94617.3700431657,91691.1322897153,81823.2546891282,78329.8561215851,71449.4503981275,66691.9173336186,62318.6707540761,60071.6825804733,59597.4327735317,57781.8123894516,55500.5145645124,50997.9456642183,46345.4189915788,38682.3805228433,35207.6287918639,22682.2264974661,15115.5009324751,14853.3736463436,0,24997.7451509133,50633.8224384231,67179.1393831044,28301.5100075601,28451.5121913206,22852.9368060442,25286.2779159937,26295.4765105573,42394.3581878628,43475.0107230335,45098.4919938054,48166.1799354924,47844.0501241853,36083.1806190932,38002.3295150531,24533.5052160288,49168.9360880508,815.670424097647,48820.3967603941,48163.3049235419,87478.488151864,25434.8304815754,44578.5053445016,45099.1844119087,45854.1397057201,46759.0850710887,47227.6375238977,47716.902138926,47744.0567431476,67084.8433561992,25396.281169089,49426.0544007528,65336.3440242464,66071.2916861475,48874.6532990704,112428.116217448,140608.14917098,66850.619799563,88365.5436971961,46048.3542344314,48738.2706228297,52105.9950477005,43275.6013093632,112527.417180382,129439.928547634,103604.807965136,102697.720563485
"ws.53A",127171.207104733,124839.84395345,120368.628944513,119261.566892991,116335.32913954,106467.451538953,102974.05297141,96093.6472479527,91336.1141834438,86962.8676039013,84715.8794302986,84241.629623357,82426.0092392769,80144.7114143377,75642.1425140436,70989.6158414042,63326.5773726688,59851.8256416894,47326.4233472916,39759.6977823006,39497.5704961691,24997.7451509133,0,26050.320531875,42595.6374765563,52945.7068573856,53095.7090411461,47497.1336558697,1403.55955001182,2732.87107904449,17810.8562813147,18891.5088164854,20514.9900872573,23582.6780289443,23260.5482176372,60727.3774689188,62646.5263648787,1020.72268322411,24585.4341815028,25459.8672739232,24236.894853846,23579.8030169938,62894.986245316,2044.98453468908,19995.0034379535,20515.6825053606,21270.637799172,22175.5831645406,22644.1356173496,23133.4002323779,23160.5548365995,42501.3414496511,662.133109493977,24842.5524942048,40752.8421176982,41487.7897795994,24291.1513925223,87844.6143108998,116024.647264432,42267.1178930149,63782.0417906481,70692.551084257,73382.4674726553,76750.191897526,67919.7981591888,87943.9152738337,104856.426641086,128249.004814961,127341.91741331
"ws.borssele",152807.284392242,150475.921240959,146004.706232022,144897.6441805,141971.40642705,132103.528826463,128610.13025892,121729.724535462,116972.191470953,112598.944891411,110351.956717808,109877.706910867,108062.086526787,105780.788701847,101278.219801553,96625.6931289138,88962.6546601784,85487.902929199,72962.5006348013,65395.7750698104,65133.6477836789,50633.8224384231,26050.320531875,0,17106.0030175569,78581.7841448955,78731.786328656,73133.2109433797,26838.8202021438,26948.0783673676,12339.1844312059,11130.0555981858,9110.29761370959,5103.61341611697,4781.39478197724,86363.4547564287,88282.6036523886,26100.3172223945,2782.87180696529,51095.9445614331,3424.29679164255,4110.67719419581,39228.022061524,27187.3595298006,10965.8967414476,10808.8162211988,10086.0648790543,9301.18916246247,8169.84751866968,7088.50660279853,6022.82850169843,16597.4637462867,26148.8764069374,2262.15640294445,14848.9644143337,15583.9120762349,1993.47766496797,64177.6501271078,92357.6830806404,18434.4564114757,40115.0776068561,96328.6283717669,99018.5447601652,102386.269185036,93555.8754466987,64276.9510900417,81189.4624572942,153885.08210247,152977.994700819
"ws.WN2",169352.601336923,167021.23818564,162550.023176703,161442.961125181,158516.723371731,148648.845771144,145155.447203601,138275.041480143,133517.508415635,129144.261836092,126897.273662489,126423.023855548,124607.403471468,122326.105646528,117823.536746234,113171.010073595,105507.97160486,102033.21987388,89507.8175794826,81941.0920144917,81678.9647283602,67179.1393831044,42595.6374765563,17106.0030175569,0,95127.1010895771,95277.1032733376,89678.5278880612,43384.1371468252,43493.3953120489,28181.5757990387,26562.4070461919,23986.1663133797,19012.9594476121,19335.0892589192,102908.77170111,104827.92059707,42645.6341670758,18010.2032950536,67641.2615061146,18358.7426227104,19015.8344595626,22122.0190439675,43732.6764744819,25666.0340469056,25186.7793039357,24141.8537390681,22946.9381026446,21815.5964588502,20704.966977275,19932.174533195,1327.80538723145,42694.1933516187,17753.0849823517,5449.62697080237,6587.52006643609,18304.4860840343,47071.6471095517,75251.6800630843,2207.11036497979,23009.0745893001,112873.945316448,115563.861704847,118931.586129717,110101.19239138,47170.9480724856,64083.459439738,170430.399047152,169523.311645501
"s.8",74225.5002473481,71894.1370960652,67422.9220871281,66315.860035606,63389.6222821555,53521.7446815685,50028.3461140253,43147.9403905676,38390.4073260586,34017.1607465161,31770.1725729133,31295.9227659717,29480.3023818917,27199.0045569524,22696.4356566583,18043.9089840188,10380.8705152833,6906.11878430383,5619.28351009401,13186.0090750851,13448.1363612166,28301.5100075601,52945.7068573856,78581.7841448955,95127.1010895771,0,150.002183760516,5448.57320151594,53234.239622466,54243.4382170297,70342.3198943351,71422.9724295058,73046.4537002776,76114.1416419647,75792.0118306576,7781.67061153317,9700.81950749313,52481.4669225011,77116.8977945231,27868.6845250557,76768.3584668663,76111.2666300141,115426.449858336,53382.7921880478,72526.4670509738,73047.1461183809,73802.1014121924,74707.046777561,75175.5992303699,75664.8638453983,75692.0184496198,95032.8050626713,53344.2428755613,77374.016107225,93284.3057307184,94019.2533926196,76822.6150055426,140376.07792392,168556.110877452,94798.5815060351,116313.505403668,17746.8442268714,20436.7606152697,23804.4850401405,14974.0913018032,140475.378886854,157387.890254106,75303.2979575762,74396.2105559252
"s.8a",74075.4980635876,71744.1349123047,67272.9199033676,66165.8578518455,63239.620098395,53371.742497808,49878.3439302648,42997.9382068071,38240.4051422981,33867.1585627556,31620.1703891528,31145.9205822112,29330.3001981312,27049.0023731919,22546.4334728978,17893.9068002583,10230.8683315228,6756.11660054331,5769.28569385453,13336.0112588456,13598.1385449771,28451.5121913206,53095.7090411461,78731.786328656,95277.1032733376,150.002183760516,0,5598.57538527645,53384.2418062265,54393.4404007902,70492.3220780956,71572.9746132663,73196.4558840381,76264.1438257252,75942.0140144181,7631.66842777265,9550.81732373262,52631.4691062616,77266.8999782836,28018.6867088162,76918.3606506268,76261.2688137746,115576.452042097,53532.7943718083,72676.4692347344,73197.1483021414,73952.1035959529,74857.0489613215,75325.6014141305,75814.8660291588,75842.0206333804,95182.8072464318,53494.2450593218,77524.0182909856,93434.3079144789,94169.2555763801,76972.6171893031,140526.08010768,168706.113061212,94948.5836897956,116463.507587429,17596.8420431109,20286.7584315092,23654.48285638,14824.0891180427,140625.381070614,157537.892437866,75153.2957738157,74246.2083721647
"s.9",79674.0734488639,77342.7102975811,72871.4952886439,71764.4332371219,68838.1954836714,58970.3178830844,55476.9193155412,48596.5135920835,43838.9805275745,39465.733948032,37218.7457744292,36744.4959674877,34928.8755834076,32647.5777584683,28145.0088581742,23492.4821855347,15829.4437167993,12354.6919858198,170.710308578076,7737.43587356911,7999.56315970066,22852.9368060442,47497.1336558697,73133.2109433797,89678.5278880612,5448.57320151594,5598.57538527645,0,47785.6664209501,48794.8650155137,64893.7466928192,65974.3992279899,67597.8804987617,70665.5684404488,70343.4386291417,13230.2438130491,15149.3927090091,47032.8937209852,71668.3245930072,22420.1113235398,71319.7852653504,70662.6934284982,109977.87665682,47934.2189865318,67077.8938494579,67598.572916865,68353.5282106765,69258.4735760451,69727.0260288541,70216.2906438824,70243.445248104,89584.2318611554,47895.6696740454,71925.4429057092,87835.7325292025,88570.6801911037,71374.0418040267,134927.504722404,163107.537675936,89350.0083045192,110864.932202152,23195.4174283874,25885.3338167857,29253.0582416564,20422.6645033192,135026.805685338,151939.31705259,80751.8711590921,79844.7837574411
"ws.42A",127459.739869813,125128.376718531,120657.161709593,119550.099658071,116623.861904621,106755.984304034,103262.585736491,96382.1800130331,91624.6469485242,87251.4003689817,85004.412195379,84530.1623884374,82714.5420043573,80433.2441794181,75930.675279124,71278.1486064846,63615.1101377492,60140.3584067698,47614.956112372,40048.230547381,39786.1032612495,25286.2779159937,1403.55955001182,26838.8202021438,43384.1371468252,53234.239622466,53384.2418062265,47785.6664209501,0,1536.39277719929,18599.3559515836,19680.0084867542,21303.4897575261,24371.1776992131,24049.047887906,61015.9102339992,62935.0591299591,2382.86598360267,25373.9338517716,25748.4000390036,25025.3945241148,24368.3026872626,63683.4859155848,641.424984677267,20783.5031082223,21304.1821756294,22059.1374694408,22964.0828348094,23432.6352876184,23921.8999026467,23949.0545068683,43289.84111992,865.67518941821,25631.0521644736,41541.341787967,42276.2894498682,25079.6510627911,88633.1139811686,116813.146934701,43055.6175632837,64570.541460917,70981.0838493374,73671.0002377356,77038.7246626064,68208.3309242692,88732.4149441025,105644.926311355,128537.537580042,127630.450178391
"ws.HW6",128468.938464377,126137.575313094,121666.360304157,120559.298252635,117633.060499184,107765.182898597,104271.784331054,97391.3786075968,92633.8455430878,88260.5989635453,86013.6107899426,85539.360983001,83723.740598921,81442.4427739817,76939.8738736877,72287.3472010482,64624.3087323128,61149.5570013334,48624.1547069356,41057.4291419447,40795.3018558131,26295.4765105573,2732.87107904449,26948.0783673676,43493.3953120489,54243.4382170297,54393.4404007902,48794.8650155137,1536.39277719929,0,18708.614116808,19789.2666519787,21412.7479227498,24480.4358644369,24158.3060531298,62025.1088285627,63944.2577245226,3753.5937622686,25483.1920169953,26757.5986335672,25134.6526893385,24477.5608524863,63792.7440808085,977.800291789516,20892.7612734467,21413.4403408537,22168.3956346646,23073.3410000332,23541.8934528421,24031.1580678705,24058.312672092,43399.0992851436,2070.73796955051,25740.3103296973,41650.5999531907,42385.5476150919,25188.9092280148,88742.3721463923,116922.405099925,43164.8757285074,64679.7996261407,71990.2824439009,74680.1988322992,78047.9232571699,69217.5295188327,88841.6731093262,105754.184476579,129546.736174605,128639.648772954
"ws.18",144567.820141682,142236.456990399,137765.241981462,136658.17992994,133731.94217649,123864.064575903,120370.66600836,113490.260284902,108732.727220393,104359.480640851,102112.492467248,101638.242660306,99822.6222762263,97541.3244512871,93038.755550993,88386.2288783536,80723.1904096182,77248.4386786388,64723.0363842412,57156.3108192502,56894.1835331187,42394.3581878628,17810.8562813147,12339.1844312059,28181.5757990387,70342.3198943351,70492.3220780956,64893.7466928192,18599.3559515836,18708.614116808,0,1619.16875284678,4195.40948565916,9168.61635142715,8846.48654012063,78123.9905058683,80043.1394018283,17860.8529718342,10171.3725039872,42856.4803108727,9822.83317633002,9165.74133947758,48480.9245677983,18947.8952792407,2515.54175213307,2994.796495103,4039.72205997064,5234.63769639414,6365.97934018854,7476.60882176382,8249.40126584406,28087.2797721335,17909.4121563771,10428.4908166895,26338.780440182,27073.7281020832,10345.706766238,73430.5526333821,101610.585586915,27853.0562154972,49367.9801131304,88089.1641212065,90779.0805096048,94146.8049344756,85316.4111961383,73529.853596316,90442.3649635684,145645.61785191,144738.530450259
"ws.16",145648.472676853,143317.10952557,138845.894516633,137738.832465111,134812.59471166,124944.717111073,121451.31854353,114570.912820073,109813.379755564,105440.133176021,103193.145002419,102718.895195477,100903.274811397,98621.9769864578,94119.4080861637,89466.8814135243,81803.8429447889,78329.0912138094,65803.6889194118,58236.9633544208,57974.8360682893,43475.0107230335,18891.5088164854,11130.0555981858,26562.4070461919,71422.9724295058,71572.9746132663,65974.3992279899,19680.0084867542,19789.2666519787,1619.16875284678,0,2576.24073281238,7549.44759858037,7227.31778727385,79204.6430410391,81123.7919369991,18941.5055070049,8552.20375114038,43937.1328460435,8203.66442348324,7546.5725866308,46861.7558149515,20028.5478144113,1103.4946214682,1624.17368887529,2420.55330712389,3615.4689435474,4746.8105873418,5857.44006891707,6630.23251299728,26468.1110192868,18990.0646915478,8867.89919524652,24719.6116873352,25454.5593492364,9136.57793321782,71811.3838805354,99991.4168340679,26233.8874626505,47748.8113602837,89169.8166563773,91859.7330447756,95227.4574696464,86397.0637313091,71910.6848434692,88823.1962107217,146726.270387081,145819.18298543
"ws.12A",147271.953947624,144940.590796342,140469.375787405,139362.313735883,136436.075982432,126568.198381845,123074.799814302,116194.394090845,111436.861026336,107063.614446793,104816.62627319,104342.376466249,102526.756082169,100245.45825723,95742.8893569355,91090.3626842961,83427.3242155607,79952.5724845813,67427.1701901837,59860.4446251927,59598.3173390612,45098.4919938054,20514.9900872573,9110.29761370959,23986.1663133797,73046.4537002776,73196.4558840381,67597.8804987617,21303.4897575261,21412.7479227498,4195.40948565916,2576.24073281238,0,4973.20686576799,4651.07705446148,80828.124311811,82747.273207771,20564.9867777767,6327.42580675085,45560.6141168154,5686.00082207467,4999.62041952033,44285.5150821393,21652.0290851828,1855.59912773799,1698.51860748999,1224.26476314722,1660.59307728344,2170.56985452952,3281.19933610479,4053.9917801849,23891.8702864745,20613.5459623196,6848.14121077032,22143.3709545229,22878.318616424,7116.81994874162,69235.1431477231,97415.1761012556,23657.6467298382,45172.5706274714,90793.2979271492,93483.2143155475,96850.9387404183,88020.545002081,69334.4441106569,86246.9554779094,148349.751657853,147442.664256202
