"","99V","114R","85V","74R","72R","46R","31V","25V","71V","90R","38R","18R","13V","2R","StationGIP_Pellerin","50R","33V","40R","27V_DongesSud","24bisR","23V","19V_Mindin","20R_BasseNazaire","17V_Vignettes","29bisV","28R","30R","26R","Tribord_Basse_Nazaire","rel_loire2","rel_loire1","rel_loire3","rel_loire4"
"1",0,149.465358304352,3322.7420599644,5979.52926041073,6317.68435968385,17065.9925401102,17297.823448123,19574.0649248129,6125.80193767061,3182.15708068597,19396.3753085253,22509.902652269,22531.7415481648,27604.9799332991,47014.0222989814,47163.1388252323,62095.8878490822,61657.9817133304,75494.9223505812,83157.823778228,83017.2387989489,84319.4736493373,85604.6454057835,85545.7283121061,73920.9609846341,73964.6387764257,71489.2704980596,75168.1426472695,85720.5476401765,7194.43496644475,411.291437903767,19842.172699482,67590.9893329592
"2",149.465358304352,0,3450.01969031958,6106.80689076591,6444.96199003903,17193.2701704654,17425.1010784782,19701.3425551681,6253.07956802579,3309.43471104115,19523.6529388805,22637.1802826242,22659.01917852,27732.2575636543,47141.2999293365,47290.4164555875,62223.1654794374,61785.2593436856,75622.1999809363,83285.1014085832,83144.5164293041,84446.7512796925,85731.9230361387,85673.0059424613,74048.2386149893,74091.9164067809,71616.5481284148,75295.4202776247,85847.8252705317,7067.15733608957,538.569068258958,19714.8950691268,67718.2669633144
"3",3322.7420599644,3450.01969031958,0,2656.78720044633,2994.94229971945,13743.2504801458,13975.0813881586,16251.3228648485,2803.05987770621,178.575073089293,16073.6332485609,19187.1605923046,19208.9994882004,24282.2378733347,43691.280239017,43840.3967652679,58773.1457891178,58335.239653366,72172.1802906168,79835.0817182636,79694.4967389845,80996.7315893729,82281.9033458191,82222.9862521417,70598.2189246697,70641.8967164613,68166.5284380953,71845.4005873051,82397.8055802121,10517.1770264091,3063.41099730266,23164.9147594464,64268.2472729948
"4",5979.52926041073,6106.80689076591,2656.78720044633,0,338.155099273126,11086.4632796995,11318.2941877123,13594.5356644022,190.648133158207,2835.36227353562,13416.8460481146,16530.3733918582,16552.2122877541,21625.4506728883,41034.4930385707,41183.6095648216,56116.3585886715,55678.4524529197,69515.3930901705,77178.2945178173,77037.7095385382,78339.9443889266,79625.1161453728,79566.1990516954,67941.4317242234,67985.109516015,65509.7412376489,69188.6133868588,79741.0183797658,13173.9642268555,5720.19819774899,25821.7019598928,61611.4600725485
"5",6317.68435968385,6444.96199003903,2994.94229971945,338.155099273126,0,10748.3081804263,10980.1390884391,13256.380565129,229.872515824142,3173.51737280874,13078.6909488414,16192.2182925851,16214.057188481,21287.2955736152,40696.3379392976,40845.4544655485,55778.2034893984,55340.2973536466,69177.2379908973,76840.1394185442,76699.5544392651,78001.7892896535,79286.9610460997,79228.0439524223,67603.2766249503,67646.9544167419,65171.5861383758,68850.4582875857,79402.8632804927,13512.1193261286,6058.35329702212,26159.8570591659,61273.3049732754
"6",17065.9925401102,17193.2701704654,13743.2504801458,11086.4632796995,10748.3081804263,0,231.830908013031,2508.07238470271,10940.1906024396,13921.8255532351,2330.38276841512,5488.28556805715,5510.12446395299,10583.3628490872,29992.4052147697,30141.5217410206,45074.2707648705,44636.3646291188,58473.3052663694,66136.206694016,65995.6217147369,67297.8565651253,68583.0283215715,68524.1112278941,56899.3439004224,56943.021692214,54467.653413848,58146.5255630577,68698.9305559645,24260.4275065549,16806.6614774484,36908.1652395922,50569.3722487476
"7",17297.823448123,17425.1010784782,13975.0813881586,11318.2941877123,10980.1390884391,231.830908013031,0,2276.24147668991,11172.0215104524,14153.6564612479,2098.55186040231,5323.01784389187,5344.85673978771,10418.095124922,29827.1374906044,29976.2540168553,44909.0030407053,44471.0969049535,58308.0375422041,65970.9389698508,65830.3539905716,67132.58884096,68417.7605974062,68358.8435037288,56734.0761762571,56777.7539680487,54302.3856896827,57981.2578388925,68533.6628317992,24492.2584145677,17038.4923854612,37139.996147605,50404.1045245823
"8",19574.0649248129,19701.3425551681,16251.3228648485,13594.5356644022,13256.380565129,2508.07238470271,2276.24147668991,0,13448.2629871423,16429.8979379378,177.68961628782,3135.52727899866,3157.3661748945,8230.60456002876,27639.6469257112,27788.7634519621,42721.5124758121,42283.6063400604,56120.546977311,63783.4484049576,63642.8634256785,64945.0982760669,66230.2700325131,66171.3529388357,54546.585611364,54590.2634031556,52114.8951247896,55793.7672739993,66346.172266906,26768.4998912576,19314.7338621511,39416.2376242948,48216.6139596892
"9",6125.80193767061,6253.07956802579,2803.05987770621,190.648133158207,229.872515824142,10940.1906024396,11172.0215104524,13448.2629871423,0,2981.6349507955,13270.5733708547,16384.1007145984,16405.9396104942,21479.1779956285,40888.2203613108,41037.3368875617,55970.0859114116,55532.1797756598,69369.1204129106,77032.0218405574,76891.4368612783,78193.6717116667,79478.8434681129,79419.9263744355,67795.1590469635,67838.8368387551,65363.4685603891,69042.3407095989,79594.7457025059,13320.2369041153,5866.47087500888,25967.9746371527,61465.1873952887
"10",3182.15708068597,3309.43471104115,178.575073089293,2835.36227353562,3173.51737280874,13921.8255532351,14153.6564612479,16429.8979379378,2981.6349507955,0,16252.2083216502,19365.7356653939,19387.5745612897,24460.812946424,43869.8553121063,44018.9718383572,58951.7208622071,58513.8147264553,72350.7553637061,80013.6567913529,79873.0718120738,81175.3066624622,82460.4784189084,82401.561325231,70776.793997759,70820.4717895506,68345.1035111845,72023.9756603944,82576.3806533014,10338.6019533199,2960.81611183367,22986.3396863571,64446.8223460841
"11",19396.3753085253,19523.6529388805,16073.6332485609,13416.8460481146,13078.6909488414,2330.38276841512,2098.55186040231,177.68961628782,13270.5733708547,16252.2083216502,0,3246.65371143874,3268.49260733458,8341.73099246883,27750.7733581513,27899.8898844022,42832.6389082522,42394.7327725004,56231.673409751,63894.5748373977,63753.9898581186,65056.2247085069,66341.3964649531,66282.4793712757,54657.712043804,54701.3898355957,52226.0215572297,55904.8937064394,66457.2986993461,26590.81027497,19137.0442458635,39238.5480080072,48327.7403921293
"12",22509.902652269,22637.1802826242,19187.1605923046,16530.3733918582,16192.2182925851,5488.28556805715,5323.01784389187,3135.52727899866,16384.1007145984,19365.7356653939,3246.65371143874,0,136.506841433927,5095.07728103009,24504.1196467125,24653.2361729635,39585.9851968135,39148.0790610617,52985.0196983123,60647.921125959,60507.3361466799,61809.5709970682,63094.7427535144,63035.825659837,51411.0583323653,51454.736124157,48979.367845791,52658.2399950007,63210.6449879074,29704.3376187137,22250.5715896072,42352.0753517509,45081.0866806906
"13",22531.7415481648,22659.01917852,19208.9994882004,16552.2122877541,16214.057188481,5510.12446395299,5344.85673978771,3157.3661748945,16405.9396104942,19387.5745612897,3268.49260733458,136.506841433927,0,5073.23838513424,24482.2807508167,24631.3972770676,39564.1463009177,39126.2401651659,52963.1808024165,60626.0822300632,60485.497250784,61787.7321011724,63072.9038576186,63013.9867639412,51389.2194364695,51432.8972282611,48957.5289498951,52636.4010991049,63188.8060920116,29726.1765146096,22272.4104855031,42373.9142476467,45059.2477847947
"14",27604.9799332991,27732.2575636543,24282.2378733347,21625.4506728883,21287.2955736152,10583.3628490872,10418.095124922,8230.60456002876,21479.1779956285,24460.812946424,8341.73099246883,5095.07728103009,5073.23838513424,0,19409.0423656824,19558.1588919334,34490.9079157835,34053.0017800317,47889.9424172823,55552.843844929,55412.2588656498,56714.4937160382,57999.6654724844,57940.748378807,46315.9810513353,46359.6588431269,43884.2905647609,47563.1627139707,58115.5677068774,34799.4148997438,27345.6488706373,47447.1526327809,39986.0093996605
"15",47014.0222989814,47141.2999293365,43691.280239017,41034.4930385707,40696.3379392976,29992.4052147697,29827.1374906044,27639.6469257112,40888.2203613108,43869.8553121063,27750.7733581513,24504.1196467125,24482.2807508167,19409.0423656824,0,260.055165997468,15081.865550101,14643.9594143493,28480.9000516,36143.8014792466,36003.2164999675,37305.4513503559,38590.623106802,38531.7060131246,26906.9386856529,26950.6164774446,24475.2481990785,28154.1203482883,38706.525341195,54208.4572654262,46754.6912363197,66856.1949984632,20576.9670339781
"16",47163.1388252323,47290.4164555875,43840.3967652679,41183.6095648216,40845.4544655485,30141.5217410206,29976.2540168553,27788.7634519621,41037.3368875617,44018.9718383572,27899.8898844022,24653.2361729635,24631.3972770676,19558.1588919334,260.055165997468,0,14932.7490238501,14494.8428880983,28331.783525349,35994.6849529957,35854.0999737166,37156.3348241049,38441.5065805511,38382.5894868737,26757.822159402,26801.4999511936,24326.1316728276,28005.0038220374,38557.4088149441,54357.5737916771,46903.8077625707,67005.3115247142,20427.8505077272
"17",62095.8878490822,62223.1654794374,58773.1457891178,56116.3585886715,55778.2034893984,45074.2707648705,44909.0030407053,42721.5124758121,55970.0859114116,58951.7208622071,42832.6389082522,39585.9851968135,39564.1463009177,34490.9079157835,15081.865550101,14932.7490238501,0,475.89622956263,13399.0345014989,21061.9359291456,20921.3509498665,22223.5858002549,23508.7575567011,23449.8404630237,11825.0731355519,11868.7509273435,9393.38264897748,13072.2547981873,23624.6597910941,69290.3228155271,61836.5567864207,81938.0605485645,5495.1014838771
"18",61657.9817133304,61785.2593436856,58335.239653366,55678.4524529197,55340.2973536466,44636.3646291188,44471.0969049535,42283.6063400604,55532.1797756598,58513.8147264553,42394.7327725004,39148.0790610617,39126.2401651659,34053.0017800317,14643.9594143493,14494.8428880983,475.89622956263,0,13836.9406372506,21499.8420648974,21359.2570856183,22661.4919360066,23946.6636924529,23887.7465987755,12262.9792713036,12306.6570630953,9831.28878472924,13510.160933939,24062.5659268458,68852.4166797753,61398.6506506689,81500.1544128127,5933.00761962886
"19",75494.9223505812,75622.1999809363,72172.1802906168,69515.3930901705,69177.2379908973,58473.3052663694,58308.0375422041,56120.546977311,69369.1204129106,72350.7553637061,56231.673409751,52985.0196983123,52963.1808024165,47889.9424172823,28480.9000516,28331.783525349,13399.0345014989,13836.9406372506,0,8612.65377290416,8548.04898124534,9850.28383163378,11135.45558808,11076.5384944027,1573.96136594701,1530.28357415542,4005.6518525214,516.730172363143,11251.357822473,82689.3573170259,75235.5912879195,95337.0950500633,7903.93301762178
"20",83157.823778228,83285.1014085832,79835.0817182636,77178.2945178173,76840.1394185442,66136.206694016,65970.9389698508,63783.4484049576,77032.0218405574,80013.6567913529,63894.5748373977,60647.921125959,60626.0822300632,55552.843844929,36143.8014792466,35994.6849529957,21061.9359291456,21499.8420648974,8612.65377290416,0,298.930716608657,1564.06061587977,2582.97963693606,2768.12755069954,9920.6844821794,10104.9472532501,11706.5433739791,9129.38394526729,2698.88187132896,90352.2587446727,82898.4927155663,102999.99647771,15566.8344452685
"21",83017.2387989489,83144.5164293041,79694.4967389845,77037.7095385382,76699.5544392651,65995.6217147369,65830.3539905716,63642.8634256785,76891.4368612783,79873.0718120738,63753.9898581186,60507.3361466799,60485.497250784,55412.2588656498,36003.2164999675,35854.0999737166,20921.3509498665,21359.2570856183,8548.04898124534,298.930716608657,0,1368.79803423605,2587.40660683478,2572.86496905582,9856.07969052057,10040.3424615913,11641.9385823203,9064.77915360846,2703.30884122771,90211.6737653936,82757.9077362872,102859.411498431,15426.2494659894
"22",84319.4736493373,84446.7512796925,80996.7315893729,78339.9443889266,78001.7892896535,67297.8565651253,67132.58884096,64945.0982760669,78193.6717116667,81175.3066624622,65056.2247085069,61809.5709970682,61787.7321011724,56714.4937160382,37305.4513503559,37156.3348241049,22223.5858002549,22661.4919360066,9850.28383163378,1564.06061587977,1368.79803423605,0,1285.17175644625,1226.25466276893,11158.314540909,11342.5773119797,12944.1734327087,10367.0140039969,1401.07399083919,91513.908615782,84060.1425866756,104161.646348819,16728.4843163778
"23",85604.6454057835,85731.9230361387,82281.9033458191,79625.1161453728,79286.9610460997,68583.0283215715,68417.7605974062,66230.2700325131,79478.8434681129,82460.4784189084,66341.3964649531,63094.7427535144,63072.9038576186,57999.6654724844,38590.623106802,38441.5065805511,23508.7575567011,23946.6636924529,11135.45558808,2582.97963693606,2587.40660683478,1285.17175644625,0,407.213300058399,12443.4862973552,12627.7490684259,14229.3451891549,11652.1857604432,305.852703444465,92799.0803722282,85345.3143431218,105446.818105266,18013.656072824
"24",85545.7283121061,85673.0059424613,82222.9862521417,79566.1990516954,79228.0439524223,68524.1112278941,68358.8435037288,66171.3529388357,79419.9263744355,82401.561325231,66282.4793712757,63035.825659837,63013.9867639412,57940.748378807,38531.7060131246,38382.5894868737,23449.8404630237,23887.7465987755,11076.5384944027,2768.12755069954,2572.86496905582,1226.25466276893,407.213300058399,0,12384.5692036778,12568.8319747486,14170.4280954775,11593.2686667658,690.878275553703,92740.1632785508,85286.3972494444,105387.901011588,17954.7389791466
"25",73920.9609846341,74048.2386149893,70598.2189246697,67941.4317242234,67603.2766249503,56899.3439004224,56734.0761762571,54546.585611364,67795.1590469635,70776.793997759,54657.712043804,51411.0583323653,51389.2194364695,46315.9810513353,26906.9386856529,26757.822159402,11825.0731355519,12262.9792713036,1573.96136594701,9920.6844821794,9856.07969052057,11158.314540909,12443.4862973552,12384.5692036778,0,273.013682867874,2431.6904865744,1247.18166263537,12559.3885317482,81115.3959510789,73661.6299219725,93763.1336841163,6329.97165167478
"26",73964.6387764257,74091.9164067809,70641.8967164613,67985.109516015,67646.9544167419,56943.021692214,56777.7539680487,54590.2634031556,67838.8368387551,70820.4717895506,54701.3898355957,51454.736124157,51432.8972282611,46359.6588431269,26950.6164774446,26801.4999511936,11868.7509273435,12306.6570630953,1530.28357415542,10104.9472532501,10040.3424615913,11342.5773119797,12627.7490684259,12568.8319747486,273.013682867874,0,2475.36827836603,1203.50387084376,12743.6513028189,81159.0737428705,73705.3077137642,93806.8114759079,6373.64944346641
"27",71489.2704980596,71616.5481284148,68166.5284380953,65509.7412376489,65171.5861383758,54467.653413848,54302.3856896827,52114.8951247896,65363.4685603891,68345.1035111845,52226.0215572297,48979.367845791,48957.5289498951,43884.2905647609,24475.2481990785,24326.1316728276,9393.38264897748,9831.28878472924,4005.6518525214,11706.5433739791,11641.9385823203,12944.1734327087,14229.3451891549,14170.4280954775,2431.6904865744,2475.36827836603,0,3678.87214920977,14345.2474235478,78683.7054645045,71229.9394353981,91331.4431975419,3898.28116510038
"28",75168.1426472695,75295.4202776247,71845.4005873051,69188.6133868588,68850.4582875857,58146.5255630577,57981.2578388925,55793.7672739993,69042.3407095989,72023.9756603944,55904.8937064394,52658.2399950007,52636.4010991049,47563.1627139707,28154.1203482883,28005.0038220374,13072.2547981873,13510.160933939,516.730172363143,9129.38394526729,9064.77915360846,10367.0140039969,11652.1857604432,11593.2686667658,1247.18166263537,1203.50387084376,3678.87214920977,0,11768.0879948361,82362.5776137143,74908.8115846079,95010.3153467517,7577.15331431015
"29",85720.5476401765,85847.8252705317,82397.8055802121,79741.0183797658,79402.8632804927,68698.9305559645,68533.6628317992,66346.172266906,79594.7457025059,82576.3806533014,66457.2986993461,63210.6449879074,63188.8060920116,58115.5677068774,38706.525341195,38557.4088149441,23624.6597910941,24062.5659268458,11251.357822473,2698.88187132896,2703.30884122771,1401.07399083919,305.852703444465,690.878275553703,12559.3885317482,12743.6513028189,14345.2474235478,11768.0879948361,0,92914.9826066211,85461.2165775147,105562.720339659,18129.558307217
"30",7194.43496644475,7067.15733608957,10517.1770264091,13173.9642268555,13512.1193261286,24260.4275065549,24492.2584145677,26768.4998912576,13320.2369041153,10338.6019533199,26590.81027497,29704.3376187137,29726.1765146096,34799.4148997438,54208.4572654262,54357.5737916771,69290.3228155271,68852.4166797753,82689.3573170259,90352.2587446727,90211.6737653936,91513.908615782,92799.0803722282,92740.1632785508,81115.3959510789,81159.0737428705,78683.7054645045,82362.5776137143,92914.9826066211,0,7605.72640434851,12790.2811045056,74785.424299404
"31",411.291437903767,538.569068258958,3063.41099730266,5720.19819774899,6058.35329702212,16806.6614774484,17038.4923854612,19314.7338621511,5866.47087500888,2960.81611183367,19137.0442458635,22250.5715896072,22272.4104855031,27345.6488706373,46754.6912363197,46903.8077625707,61836.5567864207,61398.6506506689,75235.5912879195,82898.4927155663,82757.9077362872,84060.1425866756,85345.3143431218,85286.3972494444,73661.6299219725,73705.3077137642,71229.9394353981,74908.8115846079,85461.2165775147,7605.72640434851,0,20253.4641373858,67331.6582702975
"32",19842.172699482,19714.8950691268,23164.9147594464,25821.7019598928,26159.8570591659,36908.1652395922,37139.996147605,39416.2376242948,25967.9746371527,22986.3396863571,39238.5480080072,42352.0753517509,42373.9142476467,47447.1526327809,66856.1949984632,67005.3115247142,81938.0605485645,81500.1544128127,95337.0950500633,102999.99647771,102859.411498431,104161.646348819,105446.818105266,105387.901011588,93763.1336841163,93806.8114759079,91331.4431975419,95010.3153467517,105562.720339659,12790.2811045056,20253.4641373858,0,87433.1620324412
"33",67590.9893329592,67718.2669633144,64268.2472729948,61611.4600725485,61273.3049732754,50569.3722487476,50404.1045245823,48216.6139596892,61465.1873952887,64446.8223460841,48327.7403921293,45081.0866806906,45059.2477847947,39986.0093996605,20576.9670339781,20427.8505077272,5495.1014838771,5933.00761962886,7903.93301762178,15566.8344452685,15426.2494659894,16728.4843163778,18013.656072824,17954.7389791466,6329.97165167478,6373.64944346641,3898.28116510038,7577.15331431015,18129.558307217,74785.424299404,67331.6582702975,87433.1620324412,0
