"","ak-41","ak-42","ak-44","ak-45","ak-47","ak-x","bh-37","bpns-A1BIS","bpns-G-88","bpns-Nautica Ena","bpns-nieuwpoortbank","bpns-NIEUWPOORTKUST8","bpns-O6","bpns-Trapegeer","bpns-W1","bpns-WENDUINEBANKW","bpns-Whitley","bpns-WK14","bpns-WZ","bpns-zbe1","bpns-zbe2","bpns-zbe3","bpns-zbw1","bpns-zbw2","bpns-zbw3","bpns-ZW1","M-6","me-7-2","me-7-2b","Rt1","Rt2","Rt3","Rt4","Rt5","Rt6","Rt7","Rt8","s-10a","s-11","s-12","s-3","s-4","s-4a","s-4b","s-4c","s-5","s-6","s-6","s-7","s-8","s-8a","s-9","s-9a","s-Dendermonde","s-Dendermonde","s-Vlassenbroek","ws-11","ws-12A","ws-13","ws-14","ws-15","ws-15A","ws-16","ws-18","ws-23","ws-25","ws-25A","ws-25B","ws-2C","ws-4","ws-42A","ws-53","ws-53A","ws-55","ws-6","ws-A1","ws-A3","ws-A5","ws-borssele","ws-DL12","ws-DL7","ws-DL9","ws-F42","ws-F42","ws-GVWSP","ws-HW6","ws-OG10","ws-OGDL","ws-PPB","ws-PPC","ws-PPC","ws-PVTSS","ws-SP3","ws-STD3","ws-STEEN","ws-TRAWL","ws-W6","ws-W7","ws-WN2"
"ak-41",0,544.047957456877,7218.98321454493,8068.7067778419,17051.9977712675,56997.5093140928,57661.4471486614,113852.106024015,106634.4001128,123424.664560339,142245.910526783,142245.910526783,122539.636714557,151440.22963625,89023.2225072037,123313.543967014,144866.392959942,92967.0860765786,98407.6934977964,97440.0170800096,96705.8172414256,96067.629626118,98633.5519686497,99311.2552278589,99964.4872898917,99454.8433932528,30054.8090926719,22884.0850463617,19521.9125129189,54234.0707006357,54173.82899041,54028.8743727834,53919.0070420902,53834.2941346894,53749.5812272887,53639.7138965955,53216.1493595901,442.063812058095,11580.6165117264,11838.5003647806,49911.2176513255,45927.2684015324,35640.2209629299,32582.7728286291,30164.5245360209,27617.2651092974,22789.7800289988,22729.5383187731,20918.5418811498,13128.0907968379,13272.3621883485,8012.7550094059,7626.15032475978,43551.8521659755,44276.6252541095,37077.7845972066,60338.8056126199,56046.5997398664,60082.7943249911,55242.7314406067,59128.4176351538,58734.9419915994,54463.3343385224,53371.4293694346,56788.2898401507,56031.4913698167,55549.5576880109,54408.7103245723,59800.3753514385,59075.6661866283,36293.0643287447,36445.5731313961,36020.1360289657,35543.8839667589,58746.2413074744,58680.3179776488,58215.3013079935,57750.2846383377,61624.8726706306,77063.2106536561,79235.6573526338,78002.6068200929,36598.0180107238,36417.2928800467,78435.6620308727,37277.5938353576,77017.8362772324,76242.4253422463,58512.7008049474,57488.5917311097,58512.7008049474,59777.8406430123,78853.5449482781,15334.051369617,77170.7139627794,77995.1804817166,78234.3386805186,77807.0290126633,78096.8743245923
"ak-42",544.047957456877,0,6795.41867753962,7645.1422408366,16628.4332342622,56453.461356636,57237.8826116561,113428.54148701,106210.835575795,123001.100023334,141822.345989778,141822.345989778,122116.072177551,151016.665099245,88599.6579701984,122889.979430008,144442.828422936,92543.5215395733,97984.1289607911,97016.4525430043,96282.2527044203,95644.0650891126,98209.9874316444,98887.6906908535,99540.9227528864,99031.2788562475,30528.6824762596,23357.9584299494,19995.7858965065,54707.9440842234,54647.7023739976,54502.7477563711,54392.8804256779,54308.1675182771,54223.4546108763,54113.5872801832,53690.0227431778,915.937195646342,11157.0519747211,11414.9358277753,50385.0910349132,46401.1417851201,36114.0943465176,33056.6462122168,30638.3979196086,28091.1384928851,23263.6534125865,23203.4117023608,21392.4152647375,13601.9641804256,13746.2355719362,8486.6283929936,8100.02370834747,44025.7255495632,44750.4986376972,37551.6579807943,59915.2410756146,55623.0352028611,59659.2297879858,54819.1669036014,58704.8530981485,58311.3774545941,54039.7698015171,52947.8648324293,56364.7253031454,55607.9268328114,55125.9931510056,53985.145787567,59376.8108144332,58652.101649623,35869.4997917394,36022.0085943908,35596.5714919604,35120.3194297536,58322.6767704691,58256.7534406435,57791.7367709882,57326.7201013324,61201.3081336253,76639.6461166508,78812.0928156285,77579.0422830875,36174.4534737185,35993.7283430414,78012.0974938674,36854.0292983523,76594.2717402271,75818.860805241,58089.1362679421,57065.0271941044,58089.1362679421,59354.276106007,78429.9804112728,14910.4868326117,76747.1494257741,77571.6159447113,77810.7741435133,77383.464475658,77673.309787587
"ak-44",7218.98321454493,6795.41867753962,0,900.032409880579,9883.32340330593,63199.9376398241,50492.7727806999,106683.431656054,99465.7257448385,116255.990192377,135077.236158822,135077.236158822,115370.962346595,144271.555268289,81854.548139242,116144.869599052,137697.71859198,85798.4117086169,91239.0191298347,90271.3427120479,89537.1428734638,88898.9552581562,91464.8776006879,92142.5808598971,92795.8129219299,92286.1690252911,37203.6177333476,30032.8936870375,26670.7211535946,61382.8793413114,61322.6376310856,61177.683013459,61067.8156827659,60983.1027753651,60898.3898679643,60788.5225372711,60364.9580002657,7590.87245273439,4411.94214376479,4669.82599681898,57060.0262920012,53076.077042208,42789.0296036056,39731.5814693048,37313.3331766966,34766.0737499731,29938.5886696746,29878.3469594489,28067.3505218256,20276.8994375136,20421.1708290243,15161.5636500817,14774.9589654355,50700.6608066511,51425.4338947852,44226.5932378823,53170.1312446584,48877.9253719049,52914.1199570296,48074.0570726452,51959.7432671923,51566.2676236379,47294.6599705609,46202.7550014731,49619.6154721892,48862.8170018552,48380.8833200494,47240.0359566108,52631.700983477,51906.9918186668,29124.3899607832,29276.8987634345,28851.4616610041,28375.2095987973,51577.5669395128,51511.6436096873,51046.626940032,50581.6102703762,54456.198302669,69894.5362856944,72066.9829846721,70833.9324521311,29429.3436427623,29248.6185120851,71266.9876629109,30108.9194673961,69849.1619092707,69073.7509742846,51344.0264369859,50319.9173631481,51344.0264369859,52609.1662750508,71684.8705803164,8165.37700165538,70002.0395948177,70826.5061137548,71065.6643125569,70638.3546447016,70928.1999566305
"ak-45",8068.7067778419,7645.1422408366,900.032409880579,0,9228.90200196389,64049.6612031211,49838.3513793578,106029.010254712,98811.3043434965,115601.568791035,134422.81475748,134422.81475748,114716.540945253,143617.133866947,81200.1267378999,115490.44819771,137043.297190638,85143.9903072749,90584.5977284926,89616.9213107058,88882.7214721218,88244.5338568142,90810.4561993459,91488.1594585551,92141.3915205879,91631.7476239491,38053.3412966446,30882.6172503345,27520.4447168916,62232.6029046084,62172.3611943826,62027.406576756,61917.5392460628,61832.8263386621,61748.1134312613,61638.2461005681,61214.6815635627,8440.59601603136,3757.52074242275,4015.40459547694,57909.7498552982,53925.800605505,43638.7531669026,40581.3050326017,38163.0567399935,35615.7973132701,30788.3122329716,30728.0705227459,28917.0740851226,21126.6230008106,21270.8943923213,16011.2872133786,15624.6825287325,51550.3843699481,52275.1574580822,45076.3168011792,52515.7098433164,48223.5039705629,52259.6985556876,47419.6356713032,51305.3218658503,50911.8462222959,46640.2385692188,45548.3336001311,48965.1940708471,48208.3956005132,47726.4619187073,46585.6145552688,51977.2795821349,51252.5704173248,28469.9685594411,28622.4773620925,28197.0402596621,27720.7881974553,50923.1455381708,50857.2222083452,50392.20553869,49927.1888690342,53801.776901327,69240.1148843523,71412.5615833301,70179.5110507891,28774.9222414203,28594.1971107431,70612.5662615689,29454.498066054,69194.7405079287,68419.3295729425,50689.6050356438,49665.4959618061,50689.6050356438,51954.7448737088,71030.4491789743,7510.95560031335,69347.6181934756,70172.0847124128,70411.2429112149,69983.9332433595,70273.7785552885
"ak-47",17051.9977712675,16628.4332342622,9883.32340330593,9228.90200196389,0,73032.9521965468,41999.0083518536,98189.6672272072,90971.961315992,107762.225763531,126583.471729975,126583.471729975,106877.197917749,135777.790839442,73360.7837103954,107651.105170205,129203.954163134,77304.6472797704,82745.2547009882,81777.5782832014,81043.3784446173,80405.1908293097,82971.1131718414,83648.8164310506,84302.0484930834,83792.4045964446,47036.6322900701,39865.9082437601,36503.7357103172,71215.893898034,71155.6521878082,71010.6975701816,70900.8302394885,70816.1173320877,70731.4044246869,70621.5370939937,70197.9725569883,17423.887009457,6032.77785048769,5283.67198035503,66893.0408487237,62909.0915989305,52622.0441603281,49564.5960260273,47146.3477334191,44599.0883066956,39771.6032263972,39711.3615161715,37900.3650785482,30109.9139942363,30254.1853857469,24994.5782068043,24607.9735221582,60533.6753633736,61258.4484515077,54059.6077946048,44676.3668158121,40384.1609430586,44420.3555281833,39580.2926437989,43465.978838346,43072.5031947916,38800.8955417145,37708.9905726268,41125.8510433429,40369.0525730089,39887.118891203,38746.2715277645,44137.9365546306,43413.2273898205,20630.6255319367,20783.1343345881,20357.6972321577,19881.4451699509,43083.8025106665,43017.8791808409,42552.8625111857,42087.8458415299,45962.4338738227,61400.7718568479,63573.2185558256,62340.1680232846,20935.5792139159,20754.8540832387,62773.2232340644,21615.1550385497,61355.3974804242,60579.9865454381,42850.2620081396,41826.1529343018,42850.2620081396,44115.4018462045,63191.1061514698,1919.18178798181,61508.2751659712,62332.7416849083,62571.8998837104,62144.5902158551,62434.435527784
"ak-x",56997.5093140928,56453.461356636,63199.9376398241,64049.6612031211,73032.9521965468,0,113642.401573942,169833.060449295,162615.35453808,179405.618985618,198226.864952062,198226.864952062,178520.591139835,207421.184061529,145004.176932484,179294.498392292,200847.34738522,148948.040501859,154388.647923076,153420.971505289,152686.771666705,152048.584051398,154614.506393929,155292.209653138,155945.441715171,155435.797818532,62666.0758695438,64718.3933739156,68080.5659073585,110082.833090188,110022.591379963,109877.636762336,109767.769431643,109683.056524242,109598.343616841,109488.476286148,109064.911749143,57299.2239784142,67561.5709370056,67819.4547900598,105759.980040878,101776.030791085,91488.9833524822,88431.5352181813,86013.286925573,83466.0274988495,78638.5424185508,78578.3007083251,76767.3042707017,69985.2509631934,70129.522354704,64869.9151757614,64483.3104911153,99400.6145555279,100125.387643662,92926.5469867589,116319.7600379,112027.554165147,116063.748750272,111223.685865887,115109.372060434,114715.89641688,110444.288763803,109352.383794715,112769.244265431,112012.445795097,111530.512113291,110389.664749853,115781.329776719,115056.620611909,92274.0187540245,92426.5275566759,92001.0904542454,91524.8383920387,114727.195732755,114661.272402929,114196.255733274,113731.239063618,117605.827095911,133044.165078937,135216.611777914,133983.561245373,92578.9724360036,92398.2473053264,134416.616456153,93258.5482606374,132998.790702513,132223.379767527,114493.655230228,113469.54615639,114493.655230228,115758.795068293,134834.499373559,71315.0057948962,133151.66838806,133976.134906997,134215.293105799,133787.983437944,134077.828749873
"bh-37",57661.4471486614,57237.8826116561,50492.7727806999,49838.3513793578,41999.0083518536,113642.401573942,0,61269.5098907629,54051.8039795481,70842.0684270865,89663.3143935314,89663.3143935314,69957.0405813043,98857.6335029985,36440.626373952,70730.9478337612,92283.79682669,40384.4899433269,45825.0973645444,44857.4209467576,44123.2211081737,43485.0334928661,46050.9558353976,46728.6590946068,47381.8911566395,46872.2472600007,87646.0816674644,80475.3576211542,77113.1850877112,111825.343275429,111765.101565203,111620.146947577,111510.279616883,111425.566709483,111340.853802082,111230.986471389,110807.421934383,58033.3363868508,46642.2272278803,45893.121357749,107502.490226119,103518.540976325,93231.4935377225,90174.0454034216,87755.7971108134,85208.53768409,80381.0526037913,80320.8108935656,78509.8144559423,70719.3633716301,70863.6347631407,65604.027584198,65217.4228995519,101143.124740768,101867.897828902,94669.0571719992,9826.35940847971,2993.82899124061,9324.73711231239,2734.50129046133,7001.95623204629,6070.11425063408,3198.11281013915,4436.84496227922,2047.54839372715,1665.04306577872,2111.88946065055,3546.39119019296,10094.9367467825,7966.73610460868,22885.5970447885,22194.7219042793,22130.7350632035,22117.5631819028,7286.438356114,5000.65602595148,3899.38822973688,2798.12043352301,12165.0450745118,24480.6145204069,26653.0612193847,25420.0106868437,23070.0673063162,23250.7924369934,25853.0658976223,23026.742608241,24435.2401439833,23659.8292089971,2944.61861630604,2060.85869020468,2944.61861630604,8703.99784792692,26270.9488150285,42327.3957790446,24588.117829528,25412.5843484656,25651.7425472672,25224.4328794118,25514.2781913408
"bpns-A1BIS",113852.106024015,113428.54148701,106683.431656054,106029.010254712,98189.6672272072,169833.060449295,61269.5098907629,0,13594.7865431852,9572.55853632396,30358.6925710756,30358.6925710756,14827.8059040134,37588.1236122348,24828.8835168119,10759.6675595587,32242.341978619,20885.0199474363,15444.412526219,16412.0889440055,17244.173571291,17931.3035809501,15218.5540553655,14736.6203735594,14425.9850719802,15822.8437230488,143836.740542818,136666.016496508,133303.843963065,168016.002150782,167955.760440556,167810.805822929,167700.938492236,167616.225584835,167531.512677435,167421.645346741,166998.080809736,114223.995262204,102832.886103234,102083.780233102,163693.149101472,159709.199851679,149422.152413076,146364.704278775,143946.455986167,141399.196559443,136571.711479145,136511.469768919,134700.473331296,126910.022246984,127054.293638494,121794.686459552,121408.081774906,157333.783616122,158058.556704256,150859.716047353,53904.8395662007,59714.2596638242,53769.3116990235,60958.60951224,54723.6883888608,55655.5303702728,62227.4305578308,63906.6442591269,59853.5326618508,60903.9854982894,61385.9191800953,63016.1904870407,54932.6937708886,54776.4398373863,79076.2559201413,78385.3807796322,78321.3939385565,78308.2220572557,55105.8647165402,56444.2902994827,57545.5580956971,58646.8258919107,54654.0199281857,42074.6739602311,40391.6512047611,41086.3353994441,79260.7261816686,79441.4513123459,38989.2387807421,79217.4014835934,43008.3885070684,42699.6896942391,58324.8912744573,59349.0003482948,58324.8912744573,54074.2653810023,39648.0885390509,98518.0546543979,36681.3920612354,38548.7572315858,36498.7304418089,36191.9041944047,37566.1002903977
"bpns-G-88",106634.4001128,106210.835575795,99465.7257448385,98811.3043434965,90971.961315992,162615.35453808,54051.8039795481,13594.7865431852,0,23167.345079509,43953.4791142609,43953.4791142609,28422.5924471866,49568.8949564544,19226.2766191698,24354.4541027437,45837.1285218043,17386.9360068732,12103.2299511639,14042.3771838629,14488.5016548739,14824.7587951924,13683.5601095395,13958.7925960815,14174.466598513,14539.9388210767,136619.034631603,129448.310585293,126086.13805185,160798.296239567,160738.054529341,160593.099911715,160483.232581021,160398.519673621,160313.80676622,160203.939435527,159780.374898521,107006.289350989,95615.1801920185,94866.0743218872,156475.443190257,152491.493940464,142204.446501861,139146.99836756,136728.750074952,134181.490648229,129354.00556793,129293.763857704,127482.767420081,119692.316335769,119836.58772728,114576.980548337,114190.375863691,150116.077704907,150840.850793041,143642.010136138,46295.5945001798,52496.5537526094,46551.6057878087,53740.9036010252,47505.982477646,48437.824459058,55009.724646616,56688.9383479121,52635.826750636,53686.2795870745,54168.2132688805,55798.4845758259,46834.0247613616,47558.7339261715,71858.5500089264,71167.6748684174,71103.6880273416,71090.5161460409,47888.1588053254,49226.5843882679,50327.8521844822,51429.1199806958,45184.9638768404,30550.0373461567,28867.0145906863,29561.6987853696,72043.0202704538,72223.745401131,28198.7380819273,71999.6955723786,31483.7518929938,31175.0530801649,51107.1853632425,52131.29443708,51107.1853632425,46856.5594697875,28123.4519249765,91300.3487431827,29904.1676991758,28639.2196310834,28400.0614322815,28827.371100137,28537.5257882077
"bpns-Nautica Ena",123424.664560339,123001.100023334,116255.990192377,115601.568791035,107762.225763531,179405.618985618,70842.0684270865,9572.55853632396,23167.345079509,0,20786.1340347519,20786.1340347519,8324.08700926467,28015.5650759108,34401.4420531354,1790.81518223559,22669.7834422952,30457.5784837598,25016.9710625426,25984.647480329,26816.7321076146,27503.8621172736,24791.112591689,24113.4093324799,23460.1772704471,25395.4022593723,153409.299079141,146238.575032831,142876.402499388,177588.560687105,177528.318976879,177383.364359253,177273.497028559,177188.784121159,177104.071213758,176994.203883065,176570.639346059,123796.553798528,112405.444639558,111656.338769426,173265.707637795,169281.758388002,158994.710949399,155937.262815098,153519.01452249,150971.755095767,146144.270015468,146084.028305242,144273.031867619,136482.580783307,136626.852174818,131367.244995876,130980.640311229,166906.342152445,167631.115240579,160432.274583676,63477.3981025246,69286.8182001481,63341.8702353474,70531.1680485639,64296.2469251847,65228.0889065967,71799.9890941547,73479.2027954509,69426.0911981747,70476.5440346133,70958.4777164192,72588.7490233646,64505.2523072125,64348.9983737102,88648.8144564652,87957.9393159561,87893.9524748804,87880.7805935796,64678.4232528642,66016.8488358066,67118.116632021,68219.3844282346,64226.5784645096,51647.2324965548,49964.2097410848,50658.8939357678,88833.2847179926,89014.0098486698,48561.7973170658,88789.9600199173,52580.9470433922,52272.2482305629,67897.4498107812,68921.5588846187,67897.4498107812,63646.8239173262,49220.6470753746,108090.613190722,46253.9505975589,48121.3157679094,46071.2889781324,45764.4627307282,47138.6588267212
"bpns-nieuwpoortbank",142245.910526783,141822.345989778,135077.236158822,134422.81475748,126583.471729975,198226.864952062,89663.3143935314,30358.6925710756,43953.4791142609,20786.1340347519,0,0,19706.2738122265,9194.31910946661,53222.68801958,19599.0250115171,2620.48243315845,49278.8244502043,43838.217028987,44805.8934467734,45637.978074059,46325.108083718,43612.3585581334,42934.6552989242,42281.4232368914,44216.6482258167,172230.545045584,165059.820999274,161697.648465832,196409.806653548,196349.564943322,196204.610325696,196094.742995003,196010.030087602,195925.317180201,195815.449849508,195391.885312503,142617.799764972,131226.690606003,130477.584735871,192086.953604238,188103.004354445,177815.956915842,174758.508781542,172340.260488933,169793.00106221,164965.515981911,164905.274271686,163094.277834062,155303.826749751,155448.098141262,150188.490962319,149801.886277673,185727.588118888,186452.361207022,179253.520550119,82298.6440689695,88108.064166593,82163.1162017923,89352.4140150088,83117.4928916296,84049.3348730416,90621.2350605996,92300.4487618957,88247.3371646196,89297.7900010582,89779.7236828641,91409.9949898095,83326.4982736574,83170.2443401551,107470.06042291,106779.185282401,106715.198441325,106702.026560025,83499.669219309,84838.0948022515,85939.3625984659,87040.6303946795,83047.8244309545,70468.4784629997,68785.4557075297,69480.1399022127,107654.530684437,107835.255815115,67383.0432835106,107611.205986362,71402.1930098371,71093.4941970077,86718.6957772261,87742.8048510636,86718.6957772261,82468.0698837711,68041.8930418195,126911.859157167,65075.1965640038,66942.5617343543,64892.5349445772,64585.7086971731,65959.9047931661
"bpns-NIEUWPOORTKUST8",142245.910526783,141822.345989778,135077.236158822,134422.81475748,126583.471729975,198226.864952062,89663.3143935314,30358.6925710756,43953.4791142609,20786.1340347519,0,0,19706.2738122265,9194.31910946661,53222.68801958,19599.0250115171,2620.48243315845,49278.8244502043,43838.217028987,44805.8934467734,45637.978074059,46325.108083718,43612.3585581334,42934.6552989242,42281.4232368914,44216.6482258167,172230.545045584,165059.820999274,161697.648465832,196409.806653548,196349.564943322,196204.610325696,196094.742995003,196010.030087602,195925.317180201,195815.449849508,195391.885312503,142617.799764972,131226.690606003,130477.584735871,192086.953604238,188103.004354445,177815.956915842,174758.508781542,172340.260488933,169793.00106221,164965.515981911,164905.274271686,163094.277834062,155303.826749751,155448.098141262,150188.490962319,149801.886277673,185727.588118888,186452.361207022,179253.520550119,82298.6440689695,88108.064166593,82163.1162017923,89352.4140150088,83117.4928916296,84049.3348730416,90621.2350605996,92300.4487618957,88247.3371646196,89297.7900010582,89779.7236828641,91409.9949898095,83326.4982736574,83170.2443401551,107470.06042291,106779.185282401,106715.198441325,106702.026560025,83499.669219309,84838.0948022515,85939.3625984659,87040.6303946795,83047.8244309545,70468.4784629997,68785.4557075297,69480.1399022127,107654.530684437,107835.255815115,67383.0432835106,107611.205986362,71402.1930098371,71093.4941970077,86718.6957772261,87742.8048510636,86718.6957772261,82468.0698837711,68041.8930418195,126911.859157167,65075.1965640038,66942.5617343543,64892.5349445772,64585.7086971731,65959.9047931661
"bpns-O6",122539.636714557,122116.072177551,115370.962346595,114716.540945253,106877.197917749,178520.591139835,69957.0405813043,14827.8059040134,28422.5924471866,8324.08700926467,19706.2738122265,19706.2738122265,0,28900.592921693,33516.4142073532,6533.27182702907,22326.7562453849,29572.5506379776,24131.9432167604,25099.6196345468,25931.7042618324,26618.8342714914,23906.0847459068,23228.3814866977,22575.1494246649,24510.3744135901,152524.271233358,145353.547187049,141991.374653606,176703.532841322,176643.291131096,176498.33651347,176388.469182777,176303.756275376,176219.043367975,176109.176037282,175685.611500277,122911.525952746,111520.416793776,110771.310923644,172380.679792012,168396.730542219,158109.683103616,155052.234969316,152633.986676707,150086.727249984,145259.242169686,145199.00045946,143388.004021837,135597.552937525,135741.824329036,130482.217150094,130095.612465447,166021.314306662,166746.087394796,159547.246737893,62592.3702567426,68401.7903543661,62456.8423895654,69646.1402027819,63411.2190794027,64343.0610608147,70914.9612483727,72594.1749496689,68541.0633523927,69591.5161888313,70073.4498706373,71703.7211775826,63620.2244614305,63463.9705279282,87763.7866106832,87072.9114701741,87008.9246290984,86995.7527477976,63793.3954070822,65131.8209900246,66233.088786239,67334.3565824526,63341.5506187276,50762.2046507728,49079.1818953028,49773.8660899858,87948.2568722106,88128.9820028878,47676.7694712838,87904.9321741353,51695.9191976102,51387.2203847809,67012.4219649992,68036.5310388367,67012.4219649992,62761.7960715442,48335.6192295926,107205.58534494,45368.9227517769,47236.2879221274,45186.2611323504,44879.4348849462,46253.6309809392
"bpns-Trapegeer",151440.22963625,151016.665099245,144271.555268289,143617.133866947,135777.790839442,207421.184061529,98857.6335029985,37588.1236122348,49568.8949564544,28015.5650759108,9194.31910946661,9194.31910946661,28900.592921693,0,62417.0071290467,28126.6856692361,6573.83667630816,58473.143559671,53032.5361384536,54000.2125562401,54832.2971835257,55519.4271931847,52806.6776676001,52128.9744083909,51475.7423463581,53410.9673352834,181424.864155051,174254.140108741,170891.967575298,205604.125763015,205543.884052789,205398.929435162,205289.062104469,205204.349197068,205119.636289668,205009.768958974,204586.204421969,151812.118874439,140421.009715469,139671.903845337,201281.272713705,197297.323463911,187010.276025309,183952.827891008,181534.5795984,178987.320171676,174159.835091378,174099.593381152,172288.596943529,164498.145859217,164642.417250728,159382.810071785,158996.205387139,194921.907228355,195646.680316489,188447.839659585,91492.9631784362,97302.3832760597,91357.435311259,98546.7331244755,92311.8120010963,93243.6539825083,99815.5541700663,101494.767871362,97441.6562740863,98492.1091105249,98974.0427923308,100604.314099276,92520.8173831241,92364.5634496218,116664.379532377,115973.504391868,115909.517550792,115896.345669491,92693.9883287757,94032.4139117182,95133.6817079325,96234.9495041461,92242.1435404212,79662.7975724664,77979.7748169964,78674.4590116794,116848.849793904,117029.574924581,76577.3623929773,116805.525095829,80596.5121193037,80287.8133064744,95913.0148866927,96937.1239605303,95913.0148866927,91662.3889932378,77236.2121512861,136106.178266633,74269.5156734705,76136.8808438209,74086.8540540439,73780.0278066397,75154.2239026328
"bpns-W1",89023.2225072037,88599.6579701984,81854.548139242,81200.1267378999,73360.7837103954,145004.176932484,36440.626373952,24828.8835168119,19226.2766191698,34401.4420531354,53222.68801958,53222.68801958,33516.4142073532,62417.0071290467,0,34290.3214598102,55843.1704527384,3943.8635693757,9384.47099059291,8416.79457280647,7682.59473422248,7044.4071189149,9610.32946144649,10288.0327206556,10941.2647826884,10431.6208860496,119007.857026006,111837.132979696,108474.960446253,143187.118633971,143126.876923745,142981.922306118,142872.054975425,142787.342068024,142702.629160624,142592.76182993,142169.197292925,89395.1117453929,78004.0025864223,77254.896716291,138864.26558466,134880.316334867,124593.268896264,121535.820761964,119117.572469355,116570.313042632,111742.827962333,111682.586252108,109871.589814484,102081.138730172,102225.410121683,96965.8029427402,96579.198258094,132504.90009931,133229.673187444,126030.832530541,29075.9560493894,34885.3761470129,28940.4281822122,36129.7259954287,29894.8048720495,30826.6468534615,37398.5470410195,39077.7607423157,35024.6491450395,36075.1019814781,36557.035663284,38187.3069702294,30103.8102540773,29947.556320575,54247.3724033301,53556.4972628211,53492.5104217453,53479.3385404446,30276.981199729,31615.4067826714,32716.6745788858,33817.9423750994,29825.1364113744,17245.7904434197,15562.7676879501,16257.4518826328,54431.8426648575,54612.5677955347,14160.3552639304,54388.5179667822,18179.5049902572,17870.8061774275,33496.007757646,34520.1168314835,33496.007757646,29245.381864191,14819.2050222395,73689.1711375864,11852.5085444241,13719.873714774,11669.846924997,11363.0206775931,12737.2167735858
"bpns-WENDUINEBANKW",123313.543967014,122889.979430008,116144.869599052,115490.44819771,107651.105170205,179294.498392292,70730.9478337612,10759.6675595587,24354.4541027437,1790.81518223559,19599.0250115171,19599.0250115171,6533.27182702907,28126.6856692361,34290.3214598102,0,21552.8489929286,30346.4578904345,24905.8504692173,25873.5268870038,26705.6115142893,27392.7415239483,24679.9919983638,24002.2887391546,23349.0566771218,25284.281666047,153298.178485816,146127.454439506,142765.281906063,177477.44009378,177417.198383554,177272.243765927,177162.376435234,177077.663527833,176992.950620432,176883.083289739,176459.518752734,123685.433205203,112294.324046232,111545.218176101,173154.587044469,169170.637794676,158883.590356074,155826.142221773,153407.893929165,150860.634502441,146033.149422143,145972.907711917,144161.911274294,136371.460189982,136515.731581493,131256.12440255,130869.519717904,166795.221559119,167519.994647254,160321.15399035,63366.2775091994,69175.6976068229,63230.7496420222,70420.0474552387,64185.1263318595,65116.9683132715,71688.8685008295,73368.0822021256,69314.9706048495,70365.4234412881,70847.357123094,72477.6284300394,64394.1317138873,64237.877780385,88537.69386314,87846.8187226309,87782.8318815552,87769.6600002544,64567.3026595389,65905.7282424814,67006.9960386958,68108.2638349094,64115.4578711844,51536.1119032296,49853.0891477596,50547.7733424426,88722.1641246673,88902.8892553446,48450.6767237405,88678.8394265921,52469.826450067,52161.1276372376,67786.329217456,68810.4382912935,67786.329217456,63535.703324001,49109.5264820494,107979.492597397,46142.8300042337,48010.1951745842,45960.1683848071,45653.342137403,47027.538233396
"bpns-Whitley",144866.392959942,144442.828422936,137697.71859198,137043.297190638,129203.954163134,200847.34738522,92283.79682669,32242.341978619,45837.1285218043,22669.7834422952,2620.48243315845,2620.48243315845,22326.7562453849,6573.83667630816,55843.1704527384,21552.8489929286,0,51899.3068833628,46458.6994621454,47426.3758799319,48258.4605072175,48945.5905168765,46232.8409912919,45555.1377320827,44901.9056700499,46837.1306589752,174851.027478743,167680.303432433,164318.13089899,199030.289086707,198970.047376481,198825.092758854,198715.225428161,198630.51252076,198545.79961336,198435.932282666,198012.367745661,145238.282198131,133847.173039161,133098.06716903,194707.436037397,190723.486787603,180436.439349001,177378.9912147,174960.742922092,172413.483495368,167585.99841507,167525.756704844,165714.760267221,157924.309182909,158068.58057442,152808.973395478,152422.368710831,188348.070552047,189072.843640181,181874.002983277,84919.126502128,90728.5465997515,84783.5986349508,91972.8964481673,85737.9753247881,86669.8173062001,93241.7174937581,94920.9311950542,90867.8195977781,91918.2724342167,92400.2061160226,94030.477422968,85946.9807068159,85790.7267733136,110090.542856069,109399.667715559,109335.680874484,109322.508993183,86120.1516524675,87458.57723541,88559.8450316243,89661.1128278379,85668.306864113,73088.9608961582,71405.9381406882,72100.6223353712,110275.013117596,110455.738248273,70003.5257166691,110231.688419521,74022.6754429955,73713.9766301662,89339.1782103845,90363.2872842221,89339.1782103845,85088.5523169296,70662.3754749779,129532.341590325,67695.6789971623,69563.0441675127,67513.0173777357,67206.1911303315,68580.3872263246
"bpns-WK14",92967.0860765786,92543.5215395733,85798.4117086169,85143.9903072749,77304.6472797704,148948.040501859,40384.4899433269,20885.0199474363,17386.9360068732,30457.5784837598,49278.8244502043,49278.8244502043,29572.5506379776,58473.143559671,3943.8635693757,30346.4578904345,51899.3068833628,0,6125.80094212693,4472.93100343084,3738.73116484685,3100.54354953926,5666.46589207086,6344.16915128001,6997.40121331279,6487.75731667398,122951.720595382,115780.996549071,112418.824015628,147130.982203346,147070.74049312,146925.785875493,146815.9185448,146731.205637399,146646.492729998,146536.625399305,146113.0608623,93338.9753147681,81947.8661557974,81198.7602856661,142808.129154035,138824.179904242,128537.13246564,125479.684331339,123061.436038731,120514.176612007,115686.691531708,115626.449821483,113815.453383859,106025.002299547,106169.273691058,100909.666512115,100523.061827469,136448.763668685,137173.53675682,129974.696099916,33019.8196187644,38829.2397163879,32884.2917515872,40073.5895648037,33838.6684414245,34770.5104228365,41342.4106103945,43021.6243116906,38968.5127144145,40018.965550853,40500.899232659,42131.1705396044,34047.6738234523,33891.41988995,58191.2359727049,57500.3608321959,57436.3739911201,57423.2021098194,34220.8447691039,35559.2703520464,36660.5381482607,37761.8059444743,33768.9999807494,21189.6540127953,19506.6312573258,20201.3154520084,58375.7062342323,58556.4313649095,18104.2188333061,58332.3815361571,22123.3685596328,21814.6697468032,37439.871327021,38463.9804008585,37439.871327021,33189.245433566,18763.0685916152,77633.0347069616,15796.3721137991,17663.7372841496,15613.7104943726,15306.8842469684,16681.0803429615
"bpns-WZ",98407.6934977964,97984.1289607911,91239.0191298347,90584.5977284926,82745.2547009882,154388.647923076,45825.0973645444,15444.412526219,12103.2299511639,25016.9710625426,43838.217028987,43838.217028987,24131.9432167604,53032.5361384536,9384.47099059291,24905.8504692173,46458.6994621454,6125.80094212693,0,2044.40909350109,2876.49372078659,3563.62373044562,1580.33015837669,1956.18033808769,2574.32511318478,2436.70886991415,128392.328016599,121221.603970289,117859.431436846,152571.589624563,152511.347914337,152366.393296711,152256.525966018,152171.813058617,152087.100151216,151977.232820523,151553.668283517,98779.5827359856,87388.473577015,86639.3677068837,148248.736575253,144264.78732546,133977.739886857,130920.291752556,128502.043459948,125954.784033225,121127.298952926,121067.0572427,119256.060805077,111465.609720765,111609.881112276,106350.273933333,105963.669248687,141889.371089903,142614.144178037,135415.303521134,38460.4270399819,44269.8471376055,38324.8991728048,45514.1969860213,39279.2758626421,40211.117844054,46783.0180316121,48462.2317329082,44409.120135632,45459.5729720706,45941.5066538766,47571.777960822,39488.2812446699,39332.0273111676,63631.8433939226,62940.9682534135,62876.9814123378,62863.809531037,39661.4521903215,40999.877773264,42101.1455694783,43202.4133656919,39209.607401967,26630.2614340121,24947.2386785422,25641.9228732251,63816.31365545,63997.0387861272,23544.8262545232,63772.9889573747,27563.9759808494,27255.2771680201,42880.4787482385,43904.5878220761,42880.4787482385,38629.8528547836,24203.6760128319,83073.6421281791,21236.9795350166,23104.3447053668,21054.3179155899,20747.4916681857,22121.6877641787
"bpns-zbe1",97440.0170800096,97016.4525430043,90271.3427120479,89616.9213107058,81777.5782832014,153420.971505289,44857.4209467576,16412.0889440055,14042.3771838629,25984.647480329,44805.8934467734,44805.8934467734,25099.6196345468,54000.2125562401,8416.79457280647,25873.5268870038,47426.3758799319,4472.93100343084,2044.40909350109,0,832.084627285552,1519.21463694458,1193.53488864004,1871.23814784919,2524.47020988198,2014.82631324317,127424.651598812,120253.927552502,116891.755019059,151603.913206776,151543.67149655,151398.716878924,151288.849548231,151204.13664083,151119.423733429,151009.556402736,150585.991865731,97811.9063181989,86420.7971592283,85671.691289097,147281.060157466,143297.110907673,133010.06346907,129952.61533477,127534.367042161,124987.107615438,120159.622535139,120099.380824914,118288.38438729,110497.933302978,110642.204694489,105382.597515546,104995.9928309,140921.694672116,141646.46776025,134447.627103347,37492.7506221952,43302.1707198187,37357.222755018,44546.5205682345,38311.5994448553,39243.4414262673,45815.3416138253,47494.5553151214,43441.4437178453,44491.8965542839,44973.8302360898,46604.1015430352,38520.6048268831,38364.3508933808,62664.1669761358,61973.2918356267,61909.304994551,61896.1331132502,38693.7757725347,40032.2013554772,41133.4691516916,42234.7369479052,38241.9309841802,25662.5850162257,23979.5622607557,24674.2464554387,62848.6372376632,63029.3623683404,22577.1498367367,62805.3125395879,26596.299563063,26287.6007502337,41912.8023304518,42936.9114042893,41912.8023304518,37662.1764369968,23235.9995950455,82105.9657103924,20269.3031172299,22136.6682875803,20086.6414978034,19779.8152503992,21154.0113463922
"bpns-zbe2",96705.8172414256,96282.2527044203,89537.1428734638,88882.7214721218,81043.3784446173,152686.771666705,44123.2211081737,17244.173571291,14488.5016548739,26816.7321076146,45637.978074059,45637.978074059,25931.7042618324,54832.2971835257,7682.59473422248,26705.6115142893,48258.4605072175,3738.73116484685,2876.49372078659,832.084627285552,0,687.130009659026,2025.61951592559,2703.32277513475,3356.55483716753,2846.91094052872,126690.451760228,119519.727713918,116157.555180475,150869.713368192,150809.471657966,150664.51704034,150554.649709647,150469.936802246,150385.223894845,150275.356564152,149851.792027147,97077.7064796149,85686.5973206443,84937.491450513,146546.860318882,142562.911069089,132275.863630486,129218.415496186,126800.167203577,124252.907776854,119425.422696555,119365.18098633,117554.184548706,109763.733464394,109908.004855905,104648.397676962,104261.792992316,140187.494833532,140912.267921666,133713.427264763,36758.5507836112,42567.9708812347,36623.022916434,43812.3207296505,37577.3996062713,38509.2415876833,45081.1417752413,46760.3554765375,42707.2438792613,43757.6967156999,44239.6303975059,45869.9017044512,37786.4049882991,37630.1510547968,61929.9671375518,61239.0919970427,61175.105155967,61161.9332746662,37959.5759339508,39298.0015168932,40399.2693131076,41500.5371093212,37507.7311455962,24928.3851776417,23245.362422172,23940.0466168547,62114.4373990792,62295.1625297564,21842.9499981527,62071.1127010039,25862.099724479,25553.4009116497,41178.6024918678,42202.7115657053,41178.6024918678,36927.9765984128,22501.7997564615,81371.7658718084,19535.1032786459,21402.4684489964,19352.4416592194,19045.6154118152,20419.8115078083
"bpns-zbe3",96067.629626118,95644.0650891126,88898.9552581562,88244.5338568142,80405.1908293097,152048.584051398,43485.0334928661,17931.3035809501,14824.7587951924,27503.8621172736,46325.108083718,46325.108083718,26618.8342714914,55519.4271931847,7044.4071189149,27392.7415239483,48945.5905168765,3100.54354953926,3563.62373044562,1519.21463694458,687.130009659026,0,2712.74952558462,3390.45278479377,4043.68484682655,3534.04095018775,126052.264144921,118881.540098611,115519.367565168,150231.525752885,150171.284042659,150026.329425032,149916.462094339,149831.749186938,149747.036279538,149637.168948844,149213.604411839,96439.5188643074,85048.4097053367,84299.3038352054,145908.672703575,141924.723453781,131637.676015179,128580.227880878,126161.97958827,123614.720161546,118787.235081248,118726.993371022,116915.996933399,109125.545849087,109269.817240597,104010.210061655,103623.605377008,139549.307218225,140274.080306359,133075.239649455,36120.3631683036,41929.7832659272,35984.8353011264,43174.1331143429,36939.2119909637,37871.0539723757,44442.9541599338,46122.1678612299,42069.0562639537,43119.5091003923,43601.4427821983,45231.7140891436,37148.2173729915,36991.9634394892,61291.7795222442,60600.9043817351,60536.9175406594,60523.7456593586,37321.3883186432,38659.8139015856,39761.0816978,40862.3494940136,36869.5435302886,24290.1975623341,22607.1748068646,23301.8590015472,61476.2497837716,61656.9749144488,21204.7623828452,61432.9250856963,25223.9121091716,24915.2132963421,40540.4148765602,41564.5239503977,40540.4148765602,36289.7889831052,21863.612141154,80733.5782565008,18896.9156633384,20764.2808336888,18714.2540439118,18407.4277965077,19781.6238925007
"bpns-zbw1",98633.5519686497,98209.9874316444,91464.8776006879,90810.4561993459,82971.1131718414,154614.506393929,46050.9558353976,15218.5540553655,13683.5601095395,24791.112591689,43612.3585581334,43612.3585581334,23906.0847459068,52806.6776676001,9610.32946144649,24679.9919983638,46232.8409912919,5666.46589207086,1580.33015837669,1193.53488864004,2025.61951592559,2712.74952558462,0,677.703259209172,1330.93532124195,856.378711537459,128618.186487452,121447.462441142,118085.289907699,152797.448095416,152737.20638519,152592.251767564,152482.384436871,152397.67152947,152312.958622069,152203.091291376,151779.526754371,99005.441206839,87614.3320478683,86865.226177737,148474.595046106,144490.645796313,134203.59835771,131146.15022341,128727.901930801,126180.642504078,121353.157423779,121292.915713554,119481.91927593,111691.468191618,111835.739583129,106576.132404186,106189.52771954,142115.229560756,142840.00264889,135641.161991987,38686.2855108352,44495.7056084587,38550.757643658,45740.0554568745,39505.1343334953,40436.9763149073,47008.8765024653,48688.0902037615,44634.9786064853,45685.4314429239,46167.3651247299,47797.6364316752,39714.1397155231,39557.8857820208,63857.7018647758,63166.8267242667,63102.839883191,63089.6680018902,39887.3106611748,41225.7362441172,42327.0040403316,43428.2718365452,39435.4658728202,26856.1199048657,25173.0971493957,25867.7813440787,64042.1721263032,64222.8972569804,23770.6847253767,63998.8474282279,27789.834451703,27481.1356388737,43106.3372190918,44130.4462929293,43106.3372190918,38855.7113256368,24429.5344836855,83299.5005990324,21462.83800587,23330.2031762203,21280.1763864434,20973.3501390392,22347.5462350322
