"","bh-31","bh-32","bh-33","bh-35","bh-36","ws-PPC","ws-PPB","bh-34","bh-37","ws-23","ws-A5","ws-A3","ws-A1","ws-15A","ws-15","bh-7","bh-9","bh-11","bh-12","bh-13","bh-6","bh-5","bh-1","bh-10","bh-8","bh-20","bh-17","bh-21","bh-22","bh-24","ws-25","ws-12A","bh-18","ws-K","ws-25B","ws-18","bh-23","bh-30","bh-29","bh-28","bh-27","bh-25","bh-2","ws-4","ws-PVTSS","ws-13","ws-6","ws-11","ws-16","ws-25A","ws-14","ws-2C","bh-16","bh-26","bpns-O6","bh-14","bh-15","rel_leopoldkanaal10","rel_leopoldkanaal1","rel_leopoldkanaal8","rel_leopoldkanaal9","rel_leopoldkanaal7","rel_leopoldkanaal6","rel_leopoldkanaal3","rel_leopoldkanaal5","rel_leopoldkanaal2","rel_leopoldkanaal4"
"bh-31",0,2834.87326211629,3691.95993584681,6259.67675139367,7516.72887447233,10105.1740018432,11075.8192465183,Inf,8049.57196242375,10056.6794157232,10841.5551323175,11972.8967761122,13054.2376919858,14119.9157930853,15039.1308786684,13900.5939972962,12564.2606553978,9778.02328845325,6903.93233660643,6441.82232580044,15357.6328824503,15478.3384257065,45409.2713247101,12393.5584216233,14869.8178856025,3252.04400465042,4896.92985574495,2519.23837903221,3081.34177087531,4188.40382239673,9582.42557138093,11032.4466810703,4726.2437715757,10440.9416762838,11535.8639316709,12452.9490931751,3022.77675167575,11673.7545811033,10728.7941354641,9092.44835124108,7514.63932440845,5633.30291141527,44052.1733343752,16032.0671005836,16718.4475031379,17359.8724878141,15361.3495128038,17880.5878918336,11206.5992602562,10103.104638788,10698.1044004003,18149.2666298103,5388.32439485117,8833.80370973295,73049.403040809,6145.42576234689,6216.13461508346,4626.23424093211,2319.2354673509,5609.02331914454,6441.82232580044,4700.51052372164,3081.34177087531,12522.8363309613,11673.7545811033,15016.2284149006,8886.65522519613
"bh-32",2834.87326211629,0,857.086673730518,3424.80348927739,4681.85561235605,7270.30073972688,8240.94598440199,Inf,5214.69870030746,7221.80615360687,8006.68187020117,9138.02351399588,10219.3644298695,11285.042530969,12204.2576165521,16735.4672594125,15399.1339175141,12612.8965505695,9738.80559872272,9276.69558791673,18192.5061445666,18313.2116878228,48244.1445868264,15228.4316837396,17704.6911477188,6086.91726676671,7731.80311786124,5354.1116411485,5916.21503299159,7023.27708451302,6747.55230926464,8197.57341895405,7561.11703369198,7606.06841416752,8700.99066955462,9618.07583105876,5857.65001379204,14508.6278432196,13563.6673975804,11927.3216133574,10349.5125865247,8468.17617353156,46887.0465964914,13197.1938384673,13883.5742410217,14524.9992256978,12526.4762506875,15045.7146297173,8371.7259981399,7268.23137667171,7863.23113828406,15314.3933676941,8223.19765696745,11668.6769718492,75360.4155646081,8980.29902446317,9051.00787719975,7461.1075030484,5154.10872946719,8443.89658126083,9276.69558791673,7535.38378583793,5916.21503299159,15357.7095930776,14508.6278432196,17851.1016770169,11721.5284873124
"bh-33",3691.95993584681,857.086673730518,0,2567.71681554687,3824.76893862553,6413.21406599636,7383.85931067148,Inf,4357.61202657695,6364.71947987635,7149.59519647065,8280.93684026536,9362.27775613897,10427.9558572385,11347.1709428216,17592.553933143,16256.2205912447,13469.9832243001,10595.8922724532,10133.7822616472,19049.5928182971,19170.2983615533,49101.2312605569,16085.5183574701,18561.7778214493,6944.00394049722,8588.88979159176,6211.19831487902,6773.30170672211,7880.36375824353,5890.46563553413,7340.48674522354,8418.2037074225,6748.98174043701,7843.9039958241,8760.98915732824,6714.73668752256,15365.7145169502,14420.754071311,12784.4082870879,11206.5992602553,9325.26284726208,47744.1332702219,12340.1071647368,13026.4875672911,13667.9125519673,11669.389576957,14188.6279559868,7514.63932440938,6411.14470294119,7006.14446455354,14457.3066939635,9080.28433069797,12525.7636455798,74503.3288908776,9837.38569819369,9908.09455093027,8318.19417677892,6011.19540319771,9300.98325499135,10133.7822616472,8392.47045956845,6773.30170672211,16214.7962668082,15365.7145169502,18708.1883507474,12578.6151610429
"bh-35",6259.67675139367,3424.80348927739,2567.71681554687,0,1257.05212307866,3845.4972504495,4816.14249512461,Inf,1789.89521103008,3797.00266432949,4581.87838092379,5713.22002471849,6794.5609405921,7860.23904169165,8779.45412727475,20160.2707486899,18823.9374067915,16037.7000398469,13163.6090880001,12701.4990771941,21617.3096338439,21738.0151771001,50415.8451048198,18653.2351730169,21129.4946369961,9511.72075604409,11156.6066071386,8778.91513042588,9341.01852226898,10448.0805737904,3322.74881998726,4772.76992967668,10985.9205229694,4181.26492489014,5276.18718027724,6193.27234178137,9282.45350306942,17933.431332497,16988.4708868578,15352.1251026348,13774.3160758021,11892.9796628089,50311.8500857688,9772.39034918991,10458.7707517443,11100.1957364204,9101.67276141011,11620.9111404399,4946.92250886252,3843.42788739433,4438.42764900668,11889.5898784167,11648.0011462448,15093.4804611266,71935.6120753309,12405.1025137406,12475.8113664771,10885.9109923258,8578.91221874457,11868.7000705382,12701.4990771941,10960.1872751153,9341.01852226898,18782.513082355,17933.431332497,21275.9051662942,15146.3319765898
"bh-36",7516.72887447233,4681.85561235605,3824.76893862553,1257.05212307866,0,2617.73369307274,3588.37893774785,Inf,562.131653653323,2569.23910695273,3354.11482354703,4485.45646734173,5566.79738321534,6632.47548431489,7551.69056989799,21417.3228717685,20080.9895298702,17294.7521629256,14420.6612110788,13958.5512002728,22874.3617569226,22995.0673001788,49188.0815474431,19910.2872960956,22386.5467600748,10768.7728791228,12413.6587302173,10035.9672535045,10598.0706453476,11705.1326968691,2094.9852626105,3545.00637229992,12242.972646048,2953.50136751338,4048.42362290048,4965.50878440461,10539.5056261481,19190.4834555757,18245.5230099365,16609.1772257134,15031.3681988808,13150.0317858876,50545.179537778,8544.62679181315,9231.0071943675,9872.43217904367,7873.90920403335,10393.1475830631,3719.15895148576,2615.66433001757,3210.66409162992,10661.8263210399,12905.0532693235,16350.5325842053,70707.8485179541,13662.1546368192,13732.8634895558,12142.9631154045,9835.96434182324,13125.7521936169,13958.5512002728,12217.239398194,10598.0706453476,20039.5652054337,19190.4834555757,22532.9572893729,16403.3840996685
"ws-PPC",10105.1740018432,7270.30073972688,6413.21406599636,3845.4972504495,2617.73369307274,0,999.933810377261,Inf,2055.60203941941,682.808935099252,736.381130474291,1867.722774269,2949.06369014261,4014.74179124216,4933.95687682526,24005.7679991394,22669.434657241,19883.1972902964,17009.1063384496,16546.9963276436,25462.8068842934,25583.5124275496,46599.6364200724,22498.7324234664,24974.9918874456,13357.2180064936,15002.1038575881,12624.4123808754,13186.5157727185,14293.5778242399,1562.03720222086,1672.76517262984,14831.4177734189,2503.40195599679,3639.74853581973,4556.83369732386,13127.9507535189,21778.9285829465,20833.9681373073,19197.6223530842,17619.8133262516,15738.4769132585,47956.7344104073,5926.89309874042,6613.27350129476,7254.69848597094,5256.17551096062,7775.41388999122,3061.93791778598,2041.29194519079,2231.26883520861,8044.09262796852,15493.4983966944,18938.9777115761,68119.4033905835,16250.5997641901,16321.3086169266,14731.4082427753,12424.4094691941,15714.1973209877,16546.9963276436,14805.6845255648,13186.5157727185,22628.0103328045,21778.9285829465,25121.4024167437,18991.8292270393
"ws-PPB",11075.8192465183,8240.94598440199,7383.85931067148,4816.14249512461,3588.37893774785,999.933810377261,0,Inf,3026.24728409453,1682.74274547651,777.797380108093,1453.56027793261,2534.90119380376,3600.57929490386,4519.79438048641,24976.4132438145,23640.0799019161,20853.8425349715,17979.7515831247,17517.6415723187,26433.4521289685,26554.1576722247,45599.7026096953,23469.3776681415,25945.6371321207,14327.8632511687,15972.7491022633,13595.0576255505,14157.1610173936,15264.223068915,2561.97101259812,2438.39045739153,15802.063018094,3503.33576637405,4639.68234619699,5556.76750770113,14098.595998194,22749.5738276216,21804.6133819824,20168.2675977593,18590.4585709267,16709.1221579336,46956.8006000303,5512.73060240648,6199.11100495974,6840.535989637,4842.01301462505,7361.25139365784,4061.87172816324,3041.22575556805,3231.20264558587,7629.93013163514,16464.1436413695,19909.6229562512,67119.4695802064,17221.2450088652,17291.9538616017,15702.0534874504,13395.0547138692,16684.8425656628,17517.6415723187,15776.3297702399,14157.1610173936,23598.6555774796,22749.5738276216,26092.0476614188,19962.4744717144
"bh-34",Inf,Inf,Inf,Inf,Inf,Inf,Inf,0,Inf,Inf,Inf,Inf,Inf,Inf,Inf,Inf,Inf,Inf,Inf,Inf,Inf,Inf,Inf,Inf,Inf,Inf,Inf,Inf,Inf,Inf,Inf,Inf,Inf,Inf,Inf,Inf,Inf,Inf,Inf,Inf,Inf,Inf,Inf,Inf,Inf,Inf,Inf,Inf,Inf,Inf,Inf,Inf,Inf,Inf,Inf,Inf,Inf,Inf,Inf,Inf,Inf,Inf,Inf,Inf,Inf,Inf,Inf
"bh-37",8049.57196242375,5214.69870030746,4357.61202657695,1789.89521103008,562.131653653323,2055.60203941941,3026.24728409453,Inf,0,2007.10745329941,2791.98316989371,3923.32481368841,5004.66572956202,6070.34383066157,6989.55891624466,21950.16595972,20613.8326178216,17827.595250877,14953.5042990302,14491.3942882242,23407.204844874,23527.9103881302,48625.9498937898,20443.130384047,22919.3898480262,11301.6159670742,12946.5018181687,10568.810341456,11130.9137332991,12237.9757848205,1615.68610822386,2982.87471864659,12775.8157339995,2474.20221312674,3569.12446851384,4486.20963001797,11072.3487140995,19723.3265435271,18778.3660978879,17142.0203136648,15564.2112868322,13682.874873839,49983.0478841247,7982.49513815982,8668.87554071417,9310.30052539035,7311.77755038003,9831.01592940982,3239.85979709912,2136.36517563092,2731.36493724327,10099.6946673866,13437.8963572749,16883.3756721567,70145.7168643008,14194.9977247707,14265.7065775072,12675.8062033559,10368.8074297747,13658.5952815683,14491.3942882242,12750.0824861454,11130.9137332991,20572.4082933851,19723.3265435271,23065.8003773243,16936.2271876199
"ws-23",10056.6794157232,7221.80615360687,6364.71947987635,3797.00266432949,2569.23910695273,682.808935099252,1682.74274547651,Inf,2007.10745329941,0,1194.91563642351,2326.25728021811,3436.88676179362,4209.67920587414,5128.89429145723,23957.2734130194,22620.940071121,19834.7027041764,16960.6117523296,16498.5017415236,25414.3122981734,25535.0178414296,47116.7480574256,22450.2378373464,24926.4973013256,13308.7234203736,14953.6092714681,12575.9177947554,13138.0211865985,14245.0832381199,1044.92556486763,1224.26476314722,14782.9231872989,1986.29031864356,3122.6368984665,4039.72205997064,13079.4561673989,21730.4339968265,20785.4735511873,19149.1277669642,17571.3187401316,15689.9823271384,48473.8460477606,5975.38768486287,6661.76808741722,7303.1930720934,5304.67009708308,7823.90847611286,2420.55330712389,1524.18030783757,1548.45990010936,8092.58721408716,15445.0038105743,18890.4831254561,68636.5150279367,16202.1051780701,16272.8140308066,14682.9136566553,12375.9148830741,15665.7027348677,16498.5017415236,14757.1899394448,13138.0211865985,22579.5157466845,21730.4339968265,25072.9078306237,18943.3346409193
"ws-A5",10841.5551323175,8006.68187020117,7149.59519647065,4581.87838092379,3354.11482354703,736.381130474291,777.797380108093,Inf,2791.98316989371,1194.91563642351,0,1131.34164379471,2241.97112537022,3278.36066076786,4197.57574635097,24742.1491296136,23405.8157877153,20619.5784207707,17745.4874689239,17283.3774581179,26199.1880147677,26319.8935580239,45921.8324210021,23235.1135539407,25711.3730179199,14093.5991369679,15738.4849880624,13360.7935113497,13922.8969031928,15029.9589547142,2239.84120129114,1660.59307728344,15567.7989038932,3181.20595506707,4317.55253489001,5234.63769639414,13864.3318839932,22515.3097134208,21570.3492677816,19934.0034835585,18356.1944567259,16474.8580437327,47278.9304113371,5190.51196826667,5876.89237082047,6518.31735549719,4519.79438048633,7039.03275951802,3615.4689435474,2719.09594426107,2453.40526547798,7307.71149749532,16229.8795271686,19675.3588420504,67441.5993915132,16986.9808946644,17057.6897474009,15467.7893732496,13160.7905996684,16450.578451462,17283.3774581179,15542.0656560391,13922.8969031928,23364.3914632788,22515.3097134208,25857.783547218,19728.2103575136
"ws-A3",11972.8967761122,9138.02351399588,8280.93684026536,5713.22002471849,4485.45646734173,1867.722774269,1453.56027793261,Inf,3923.32481368841,2326.25728021811,1131.34164379471,0,1110.62948157551,2147.01901697316,3066.23410255626,25873.4907734083,24537.15743151,21750.9200645654,18876.8291127186,18414.7191019126,27330.5296585624,27451.2352018186,44790.4907772077,24366.4551977354,26842.7146617146,15224.9407807626,16869.8266318571,14492.1351551444,15054.2385469875,16161.3005985089,3371.18284508568,2170.56985452952,16699.1405476879,4312.54759886147,5448.89417868441,6365.97934018854,14995.6735277879,23646.6513572155,22701.6909115763,21065.3451273532,19487.5361005206,17606.1996875274,46147.5887675427,4059.17032447388,4745.55072702713,5386.9757117044,3388.45273669245,5907.69111572523,4746.8105873418,3850.43758805547,3377.62528708919,6176.36985370253,17361.2211709633,20806.7004858451,66310.2577477188,18118.3225384591,18189.0313911956,16599.1310170443,14292.1322434631,17581.9200952567,18414.7191019126,16673.4072998338,15054.2385469875,24495.7331070735,23646.6513572155,26989.1251910127,20859.5520013083
"ws-A1",13054.2376919858,10219.3644298695,9362.27775613897,6794.5609405921,5566.79738321534,2949.06369014261,2534.90119380376,Inf,5004.66572956202,3436.88676179362,2241.97112537022,1110.62948157551,0,1065.6781011001,1984.89318668265,26954.8316892819,25618.4983473836,22832.260980439,19958.1700285922,19496.0600177862,28411.870574436,28532.5761176922,43679.8612956325,25447.796113609,27924.0555775882,16306.2816966362,17951.1675477307,15573.476071018,16135.5794628611,17242.6415143825,4481.81232666119,3281.19933610479,17780.4814635615,5423.17708043691,6559.52366025986,7476.60882176382,16077.0144436615,24727.9922730891,23783.0318274499,22146.6860432268,20568.8770163942,18687.540603401,45036.9592859674,2977.82940860272,3664.20981115598,4305.63479583325,2307.11182082129,4826.35019985408,5857.44006891707,4961.06706963095,4488.25476866447,5095.02893783138,18442.5620868369,21888.0414017187,65199.6282661435,19199.6634543327,19270.3723070692,17680.4719329179,15373.4731593367,18663.2610111303,19496.0600177862,17754.7482157074,16135.5794628611,25577.0740229471,24727.9922730891,28070.4661068863,21940.8929171819
"ws-15A",14119.9157930853,11285.042530969,10427.9558572385,7860.23904169165,6632.47548431489,4014.74179124216,3600.57929490386,Inf,6070.34383066157,4209.67920587414,3278.36066076786,2147.01901697316,1065.6781011001,0,919.215085583101,28020.5097903815,26684.1764484831,23897.9390815385,21023.8481296917,20561.7381188858,29477.5486755355,29598.2542187917,42907.0688515525,26513.4742147085,28989.7336786877,17371.9597977358,19016.8456488303,16639.1541721176,17201.2575639606,18308.3196154821,5254.6047707417,4053.9917801849,18846.159564661,6195.96952451742,7332.31610434036,8249.40126584406,17142.6925447611,25793.6703741886,24848.7099285494,23212.3641443264,21634.5551174938,19753.2187045006,44264.1668418874,1912.15130750263,2598.53171005588,3239.95669473315,1241.43371972119,3760.67209875398,6630.23251299728,5733.85951371146,5261.0472127446,4070.76708636454,19508.2401879365,22953.7195028183,64426.8358220635,20265.3415554322,20336.0504081688,18746.1500340174,16439.1512604362,19728.9391122299,20561.7381188858,18820.426316807,17201.2575639606,26642.7521240466,25793.6703741886,29136.1442079858,23006.5710182814
"ws-15",15039.1308786684,12204.2576165521,11347.1709428216,8779.45412727475,7551.69056989799,4933.95687682526,4519.79438048641,Inf,6989.55891624466,5128.89429145723,4197.57574635097,3066.23410255626,1984.89318668265,919.215085583101,0,28939.7248759646,27603.3915340662,24817.1541671216,21943.0632152748,21480.9532044688,30396.7637611186,30517.4693043748,41987.8537659696,27432.6893002916,29908.9487642708,18291.1748833188,19936.0607344134,17558.3692577006,18120.4726495437,19227.5347010651,6173.8198563248,4973.20686576799,19765.3746502441,7115.18461010052,8251.53118992346,9168.61635142715,18061.9076303442,26712.8854597717,25767.9250141325,24131.5792299095,22553.7702030768,20672.4337900837,43344.9517563045,1407.09871825455,1720.73287410784,2320.74160915169,777.797380108176,2841.45701317252,7549.44759858037,6653.07459929456,6180.2622983277,3689.96324601656,20427.4552735196,23872.9345884013,63507.6207364806,21184.5566410153,21255.2654937519,19665.3651196005,17358.3663460193,20648.1541978129,21480.9532044688,19739.6414023901,18120.4726495437,27561.9672096297,26712.8854597717,30055.3592935689,23925.7861038645
"bh-7",13900.5939972962,16735.4672594125,17592.553933143,20160.2707486899,21417.3228717685,24005.7679991394,24976.4132438145,Inf,21950.16595972,23957.2734130194,24742.1491296136,25873.4907734083,26954.8316892819,28020.5097903815,28939.7248759646,0,1336.3333418984,4122.57070884299,6996.6616606898,7458.77167149579,1457.03888515405,1577.74442841024,31508.6773274139,1507.03557567297,1722.74571354342,10648.5499926458,9003.66414155128,11381.355618264,11860.610361234,12967.6724127555,23483.0195686771,24933.0406783665,9445.06602753967,24341.53567358,25436.4579289671,26353.5430904712,11802.0453420345,20453.023171462,19508.0627258229,17871.7169415998,16293.9079147672,14412.571501774,30151.579337079,29932.6610978797,30619.0415004341,31260.4664851103,29261.9435101,31781.1818891297,25107.1932575524,24003.6986360842,24598.6983976965,32049.8606271065,8512.26960244507,17613.0723000917,59148.8090435128,9810.7621995665,9881.47105230308,9274.35975636412,11581.3585299453,8291.57067815169,7458.77167149579,13479.7791140804,11860.610361234,1407.04623203688,20453.023171462,1115.63441760436,5013.93877210011
"bh-9",12564.2606553978,15399.1339175141,16256.2205912447,18823.9374067915,20080.9895298702,22669.434657241,23640.0799019161,Inf,20613.8326178216,22620.940071121,23405.8157877153,24537.15743151,25618.4983473836,26684.1764484831,27603.3915340662,1336.3333418984,0,2786.23736694459,5660.3283187914,6122.4383295974,2793.37222705245,2914.07777030864,32845.0106693123,170.702233774571,2305.55723020466,9312.21665074742,7667.33079965289,10045.0222763656,10524.2770193356,11631.3390708571,22146.6862267788,23596.7073364681,8108.73268564127,23005.2023316816,24100.1245870687,25017.2097485728,10465.7120001361,19116.6898295637,18171.7293839245,16535.3835997014,14957.5745728688,13076.2381598756,31487.9126789774,28596.3277559814,29282.7081585357,29924.1331432119,27925.6101682016,30444.8485472314,23770.859915654,22667.3652941858,23262.3650557982,30713.5272852081,7175.93626054667,16276.7389581933,60485.1423854112,8474.4288576681,8545.13771040468,7938.02641446573,10245.0251880469,6955.2373362533,6122.4383295974,12143.445772182,10524.2770193356,100.001455840655,19116.6898295637,2451.96775950276,3677.60543020171
"bh-11",9778.02328845325,12612.8965505695,13469.9832243001,16037.7000398469,17294.7521629256,19883.1972902964,20853.8425349715,Inf,17827.595250877,19834.7027041764,20619.5784207707,21750.9200645654,22832.260980439,23897.9390815385,24817.1541671216,4122.57070884299,2786.23736694459,0,2874.09095184681,3336.2009626528,5579.60959399704,5700.31513725323,35631.2480362569,2615.53513317002,5091.79459714925,6525.97928380283,4881.09343270829,7258.78490942103,7738.03965239105,8845.10170391248,19360.4488598342,20810.4699695236,5322.49531869668,20218.964964737,21313.8872201241,22230.9723816283,7679.4746331915,16330.4524626191,15385.4920169799,13749.1462327568,12171.3372059242,10290.000792931,34274.1500459219,25810.0903890368,26496.4707915911,27137.8957762673,25139.372801257,27658.6111802868,20984.6225487094,19881.1279272412,20476.1276888536,27927.2899182635,4389.69889360208,13490.5015912487,63271.3797523558,5688.19149072351,5758.90034346008,5151.78904752113,7458.78782110234,4168.9999693087,3336.2009626528,9357.20840523739,7738.03965239105,2744.81304250809,16330.4524626191,5238.20512644735,891.368063257119
"bh-12",6903.93233660643,9738.80559872272,10595.8922724532,13163.6090880001,14420.6612110788,17009.1063384496,17979.7515831247,Inf,14953.5042990302,16960.6117523296,17745.4874689239,18876.8291127186,19958.1700285922,21023.8481296917,21943.0632152748,6996.6616606898,5660.3283187914,2874.09095184681,0,462.110010805992,8453.70054584385,8574.40608910004,38505.3389881037,5489.62608501683,7965.88554899606,3651.88833195602,2007.00248086148,4384.69395757422,4863.94870054424,5971.01075206566,16486.3579079874,17936.3790176768,2448.40436684987,17344.8740128902,18439.7962682773,19356.8814297815,4805.38368134469,13456.3615107723,12511.4010651331,10875.05528091,9297.24625407738,7415.9098410842,37148.2409977687,22935.99943719,23622.3798397443,24263.8048244205,22265.2818494102,24784.52022844,18110.5315968626,17007.0369753944,17602.0367370068,25053.1989664167,1515.60794175527,10616.4106394019,66145.4707042026,2814.1005388767,2884.80939161327,2277.69809567432,4584.69686925553,1294.90901746189,462.110010805992,6483.11745339058,4863.94870054424,5618.9039943549,13456.3615107723,8112.29607829416,1982.72288858969
"bh-13",6441.82232580044,9276.69558791673,10133.7822616472,12701.4990771941,13958.5512002728,16546.9963276436,17517.6415723187,Inf,14491.3942882242,16498.5017415236,17283.3774581179,18414.7191019126,19496.0600177862,20561.7381188858,21480.9532044688,7458.77167149579,6122.4383295974,3336.2009626528,462.110010805992,0,8915.81055664984,9036.51609990603,38967.4489989097,5951.73609582282,8427.99555980206,3189.77832115002,1544.89247005549,3922.58394676823,4401.83868973825,5508.90074125967,16024.2478971814,17474.2690068708,1986.29435604387,16882.7640020843,17977.6862574713,18894.7714189755,4343.27367053869,12994.2514999663,12049.2910543271,10412.945270104,8835.13624327139,6953.79983027821,37610.3510085747,22473.889426384,23160.2698289383,23801.6948136145,21803.1718386042,24322.410217634,17648.4215860566,16544.9269645884,17139.9267262008,24591.0889556107,1053.49793094928,10154.3006285959,66607.5807150086,2351.99052807071,2422.69938080728,1815.58808486833,4122.58685844954,832.799006655899,0,6021.00744258459,4401.83868973825,6081.01400516089,12994.2514999663,8574.40608910016,2444.83289939568
"bh-6",15357.6328824503,18192.5061445666,19049.5928182971,21617.3096338439,22874.3617569226,25462.8068842934,26433.4521289685,Inf,23407.204844874,25414.3122981734,26199.1880147677,27330.5296585624,28411.870574436,29477.5486755355,30396.7637611186,1457.03888515405,2793.37222705245,5579.60959399704,8453.70054584385,8915.81055664984,0,120.705543256226,30051.6384422599,2964.07446082702,3179.78459869746,12105.5888777999,10460.7030267053,12838.3945034181,13317.6492463881,14424.7112979095,24940.0584538312,26390.0795635206,10902.1049126937,25798.574558734,26893.4968141211,27810.5819756253,13259.0842271885,21910.0620566161,20965.1016109769,19328.7558267538,17750.9467999212,15869.6103869281,28694.540451925,31389.6999830338,32076.0803855881,32717.5053702643,30718.982395254,33238.2207742838,26564.2321427064,25460.7375212382,26055.7372828506,33506.8995122605,9969.30848759912,19070.1111852457,57691.7701583588,11267.8010847206,11338.5099374571,10731.3986415182,13038.3974150994,9748.60956330574,8915.81055664984,14936.8179992344,13317.6492463881,2864.08511719092,21910.0620566161,341.404467549684,6470.97765725416
"bh-5",15478.3384257065,18313.2116878228,19170.2983615533,21738.0151771001,22995.0673001788,25583.5124275496,26554.1576722247,Inf,23527.9103881302,25535.0178414296,26319.8935580239,27451.2352018186,28532.5761176922,29598.2542187917,30517.4693043748,1577.74442841024,2914.07777030864,5700.31513725323,8574.40608910004,9036.51609990603,120.705543256226,0,29930.9328990037,3084.78000408321,3300.49014195366,12226.2944210561,10581.4085699615,12959.1000466743,13438.3547896443,14545.4168411657,25060.7639970874,26510.7851067768,11022.8104559499,25919.2801019902,27014.2023573773,27931.2875188814,13379.7897704447,22030.7675998723,21085.8071542331,19449.46137001,17871.6523431774,15990.3159301842,28573.8349086688,31510.40552629,32196.7859288443,32838.2109135205,30839.6879385102,33358.92631754,26684.9376859626,25581.4430644944,26176.4428261068,33627.6050555167,10090.0140308553,19190.8167285019,57571.0646151026,11388.5066279767,11459.2154807133,10852.1041847744,13159.1029583556,9869.31510656193,9036.51609990603,15057.5235424906,13438.3547896443,2984.79066044712,22030.7675998723,462.110010805876,6591.68320051035
"bh-1",45409.2713247101,48244.1445868264,49101.2312605569,50415.8451048198,49188.0815474431,46599.6364200724,45599.7026096953,Inf,48625.9498937898,47116.7480574256,45921.8324210021,44790.4907772077,43679.8612956325,42907.0688515525,41987.8537659696,31508.6773274139,32845.0106693123,35631.2480362569,38505.3389881037,38967.4489989097,30051.6384422599,29930.9328990037,0,33015.7129030869,33231.4230409573,42157.2273200599,40512.3414689653,42890.0329456781,43369.2876886481,44476.3497401695,48161.6736222933,46961.0606317373,40953.7433549537,49103.0383760692,50239.3849558922,51156.4701173963,43310.7226694485,51961.7004988761,51016.7400532369,49380.3942690139,47802.5852421813,45921.2488291881,1357.09799033492,41990.7287779202,41333.6369410679,40985.0976134112,42309.9835772767,41142.2225450756,49537.3013645496,48640.9283652633,48168.116064297,42190.7155399963,40020.9469298591,49121.7496275057,27640.1317160987,41319.4395269805,41390.1483797171,40783.0370837781,43090.0358573594,39800.2480055657,38967.4489989098,44988.4564414944,43369.2876886481,32915.7235594508,51961.7004988761,30393.0429098096,36522.6160995141
"bh-10",12393.5584216233,15228.4316837396,16085.5183574701,18653.2351730169,19910.2872960956,22498.7324234664,23469.3776681415,Inf,20443.130384047,22450.2378373464,23235.1135539407,24366.4551977354,25447.796113609,26513.4742147085,27432.6893002916,1507.03557567297,170.702233774571,2615.53513317002,5489.62608501683,5951.73609582282,2964.07446082702,3084.78000408321,33015.7129030869,0,2476.25946397923,9141.51441697285,7496.62856587832,9874.32004259106,10353.5747855611,11460.6368370825,21975.9839930042,23426.0051026936,7938.0304518667,22834.5000979071,23929.4223532941,24846.5075147983,10295.0097663615,18945.9875957891,18001.0271501499,16364.6813659268,14786.8723390942,12905.535926101,31658.6149127519,28425.6255222068,29112.0059247611,29753.4309094373,27754.907934427,30274.1463134568,23600.1576818794,22496.6630604112,23091.6628220236,30542.8250514335,7005.2340267721,16106.0367244187,60655.8446191858,8303.72662389353,8374.43547663011,7767.32418069115,10074.3229542724,6784.53510247872,5951.73609582282,11972.7435384074,10353.5747855611,170.70223377523,18945.9875957891,2622.66999327733,3506.90319642714
"bh-8",14869.8178856025,17704.6911477188,18561.7778214493,21129.4946369961,22386.5467600748,24974.9918874456,25945.6371321207,Inf,22919.3898480262,24926.4973013256,25711.3730179199,26842.7146617146,27924.0555775882,28989.7336786877,29908.9487642708,1722.74571354342,2305.55723020466,5091.79459714925,7965.88554899606,8427.99555980206,3179.78459869746,3300.49014195366,33231.4230409573,2476.25946397923,0,11617.7738809521,9972.88802985755,12350.5795065703,12829.8342495403,13936.8963010617,24452.2434569834,25902.2645666728,10414.2899158459,25310.7595618863,26405.6818172734,27322.7669787775,12771.2692303408,21422.2470597683,20477.2866141291,18840.9408299061,17263.1318030734,15381.7953900803,31874.3250506224,30901.884986186,31588.2653887404,32229.6903734165,30231.1673984062,32750.405777436,26076.4171458586,24972.9225243904,25567.9222860028,33019.0845154127,9481.49349075134,18582.2961883979,60871.5547570562,10779.9860878728,10850.6949406093,10243.5836446704,12550.5824182516,9260.79456645796,8427.99555980206,14449.0030023866,12829.8342495403,2376.27012034314,21422.2470597683,2838.38013114778,5983.16266040637
"bh-20",3252.04400465042,6086.91726676671,6944.00394049722,9511.72075604409,10768.7728791228,13357.2180064936,14327.8632511687,Inf,11301.6159670742,13308.7234203736,14093.5991369679,15224.9407807626,16306.2816966362,17371.9597977358,18291.1748833188,10648.5499926458,9312.21665074742,6525.97928380283,3651.88833195602,3189.77832115002,12105.5888777999,12226.2944210561,42157.2273200599,9141.51441697285,11617.7738809521,0,1644.88585109453,732.805625618207,1212.06036858822,2319.12242010965,12834.4695760314,14284.4906857208,1474.19976692528,13692.9856809342,14787.9079363213,15704.9930978255,1153.49534938867,9804.47317881626,8859.51273317706,7223.16694895399,5645.35792212137,3764.02150912819,40800.1293297248,19284.111105234,19970.4915077883,20611.9164924645,18613.3935174542,21132.631896484,14458.6432649066,13355.1486434384,13950.1484050508,21401.3106344607,2136.28039020075,6964.52230744587,69797.3590361586,2893.38175769647,2964.09061043304,1374.19023628169,932.808537299517,2356.97931449412,3189.77832115002,2831.22912143456,1212.06036858822,9270.79232631092,9804.47317881626,11764.1844102502,5634.61122054571
"bh-17",4896.92985574495,7731.80311786124,8588.88979159176,11156.6066071386,12413.6587302173,15002.1038575881,15972.7491022633,Inf,12946.5018181687,14953.6092714681,15738.4849880624,16869.8266318571,17951.1675477307,19016.8456488303,19936.0607344134,9003.66414155128,7667.33079965289,4881.09343270829,2007.00248086148,1544.89247005549,10460.7030267053,10581.4085699615,40512.3414689653,7496.62856587832,9972.88802985755,1644.88585109453,0,2377.69147671274,2856.94621968275,3964.00827120418,14479.3554271259,15929.3765368153,441.401885988385,15337.8715320288,16432.7937874159,17349.87894892,2798.3812004832,11449.3590299108,10504.3985842716,8868.05280004853,7290.2437732159,5408.90736022272,39155.2434786302,20928.9969563285,21615.3773588829,22256.802343559,20258.2793685487,22777.5177475785,16103.5291160011,15000.034494533,15595.0342561453,23046.1964855553,491.394539106215,8609.4081585404,68152.4731850641,1248.49590660197,1319.20475933854,270.695614812839,2577.69438839405,712.093463399591,1544.89247005549,4476.11497252909,2856.94621968275,7625.90647521638,11449.3590299108,10119.2985591556,3989.72536945117
"bh-21",2519.23837903221,5354.1116411485,6211.19831487902,8778.91513042588,10035.9672535045,12624.4123808754,13595.0576255505,Inf,10568.810341456,12575.9177947554,13360.7935113497,14492.1351551444,15573.476071018,16639.1541721176,17558.3692577006,11381.355618264,10045.0222763656,7258.78490942103,4384.69395757422,3922.58394676823,12838.3945034181,12959.1000466743,42890.0329456781,9874.32004259106,12350.5795065703,732.805625618207,2377.69147671274,0,562.103391843094,1669.16544336452,12101.6639504131,13551.6850601026,2207.00539254348,12960.180055316,14055.1023107031,14972.1874722073,503.538372643541,9154.51620207113,8209.55575643194,6573.20997220887,4995.40094537624,3114.06453238306,41532.934955343,18551.3054796158,19237.6858821701,19879.1108668463,17880.587891836,20399.8262708658,13725.8376392884,12622.3430178202,13217.3427794326,20668.5050088425,2869.08601581896,6314.56533070074,70530.1646617768,3626.18738331468,3696.89623605125,2106.9958618999,200.002911681309,3089.78494011233,3922.58394676823,2181.27214468943,562.103391843094,10003.5979519291,9154.51620207113,12496.9900358684,6367.41684616391
"bh-22",3081.34177087531,5916.21503299159,6773.30170672211,9341.01852226898,10598.0706453476,13186.5157727185,14157.1610173936,Inf,11130.9137332991,13138.0211865985,13922.8969031928,15054.2385469875,16135.5794628611,17201.2575639606,18120.4726495437,11860.610361234,10524.2770193356,7738.03965239105,4863.94870054424,4401.83868973825,13317.6492463881,13438.3547896443,43369.2876886481,10353.5747855611,12829.8342495403,1212.06036858822,2856.94621968275,562.103391843094,0,1107.06205152143,12663.7673422562,14113.7884519457,2686.2601355135,13522.2834471591,14617.2057025462,15534.2908640504,241.415123913674,8592.41281022803,7647.45236458884,6011.10658036577,4433.29755353315,2551.96114053997,42012.189698313,19113.4088714589,19799.7892740132,20441.2142586894,18442.6912836791,20961.9296627089,14287.9410311315,13184.4464096633,13779.4461712757,21230.6084006856,3348.34075878897,5752.46193885764,71009.4194047468,4105.44212628469,4176.15097902126,2586.25060486992,762.106303524403,3569.03968308235,4401.83868973825,1619.16875284634,0,10482.8526948991,8592.41281022803,12976.2447788384,6846.67158913393
"bh-24",4188.40382239673,7023.27708451302,7880.36375824353,10448.0805737904,11705.1326968691,14293.5778242399,15264.223068915,Inf,12237.9757848205,14245.0832381199,15029.9589547142,16161.3005985089,17242.6415143825,18308.3196154821,19227.5347010651,12967.6724127555,11631.3390708571,8845.10170391248,5971.01075206566,5508.90074125967,14424.7112979095,14545.4168411657,44476.3497401695,11460.6368370825,13936.8963010617,2319.12242010965,3964.00827120418,1669.16544336452,1107.06205152143,0,13770.8293937777,15220.8505034671,3793.32218703493,14629.3454986806,15724.2677540677,16641.3529155718,1348.4771754351,7485.35075870661,6540.39031306742,4904.04452884435,3326.23550201172,1444.89908901854,43119.2517498344,20220.4709229803,20906.8513255347,21548.2763102108,19549.7533352005,22068.9917142303,15395.0030826529,14291.5084611847,14886.5082227971,22337.670452207,4455.4028103104,4645.39988733622,72116.4814562682,5212.50417780611,5283.21303054269,3693.31265639134,1869.16835504583,4676.10173460377,5508.90074125967,512.106701324914,1107.06205152143,11589.9147464206,7485.35075870661,14083.3068303598,7953.73364065535
"ws-25",9582.42557138093,6747.55230926464,5890.46563553413,3322.74881998726,2094.9852626105,1562.03720222086,2561.97101259812,Inf,1615.68610822386,1044.92556486763,2239.84120129114,3371.18284508568,4481.81232666119,5254.6047707417,6173.8198563248,23483.0195686771,22146.6862267788,19360.4488598342,16486.3579079874,16024.2478971814,24940.0584538312,25060.7639970874,48161.6736222933,21975.9839930042,24452.2434569834,12834.4695760314,14479.3554271259,12101.6639504131,12663.7673422562,13770.8293937777,0,1698.51860748999,14308.6693429566,941.364753775924,2077.71133359887,2994.796495103,12605.2023230567,21256.1801524843,20311.2197068451,18674.873922622,17097.0648957894,15215.7284827962,49518.7716126282,6698.1390270095,7384.51942956384,8025.94441424002,6027.4214392297,8546.65981825949,1624.17368887529,520.679067407096,1115.67882901996,8815.33855623079,14970.7499662321,18416.2292811139,69681.4405928044,15727.8513337278,15798.5601864644,14208.6598123131,11901.6610387318,15191.4488905255,16024.2478971814,14282.9360951026,12663.7673422562,22105.2619023422,21256.1801524843,24598.6539862815,18469.0807965771
"ws-12A",11032.4466810703,8197.57341895405,7340.48674522354,4772.76992967668,3545.00637229992,1672.76517262984,2438.39045739153,Inf,2982.87471864659,1224.26476314722,1660.59307728344,2170.56985452952,3281.19933610479,4053.9917801849,4973.20686576799,24933.0406783665,23596.7073364681,20810.4699695236,17936.3790176768,17474.2690068708,26390.0795635206,26510.7851067768,46961.0606317373,23426.0051026936,25902.2645666728,14284.4906857208,15929.3765368153,13551.6850601026,14113.7884519457,15220.8505034671,1698.51860748999,0,15758.6904526461,2171.26631003443,3278.32432415547,4195.40948565916,14055.2234327461,22706.2012621737,21761.2408165345,20124.8950323114,18547.0860054788,16665.7495924856,48318.1586220722,4999.62041952033,5686.00082207467,6327.42580675085,4651.07705446148,6848.14121077032,2576.24073281238,1855.59912773799,1207.05543255971,7116.81994874162,16420.7710759215,19866.2503908033,68480.8276022483,17177.8724434172,17248.5812961538,15658.6809220025,13351.6821484213,16641.4700002149,17474.2690068708,15732.957204792,14113.7884519457,23555.2830120317,22706.2012621737,26048.6750959709,19919.1019062665
"bh-18",4726.2437715757,7561.11703369198,8418.2037074225,10985.9205229694,12242.972646048,14831.4177734189,15802.063018094,Inf,12775.8157339995,14782.9231872989,15567.7989038932,16699.1405476879,17780.4814635615,18846.159564661,19765.3746502441,9445.06602753967,8108.73268564127,5322.49531869668,2448.40436684987,1986.29435604387,10902.1049126937,11022.8104559499,40953.7433549537,7938.0304518667,10414.2899158459,1474.19976692528,441.401885988385,2207.00539254348,2686.2601355135,3793.32218703493,14308.6693429566,15758.6904526461,0,15167.1854478595,16262.1077032466,17179.1928647507,2627.69511631395,11278.6729457415,10333.7125001023,8697.36671587927,7119.55768904665,5238.22127605346,39596.6453646186,20758.3108721593,21444.6912747136,22086.1162593898,20087.5932843795,22606.8316634093,15932.8430318319,14829.3484103637,15424.348171976,22875.510401386,932.7964250946,8438.72207437114,68593.8750710524,1689.89779259032,1760.60664532689,241.419161314648,2407.00830422479,1153.49534938798,1986.29435604387,4305.42888835984,2686.2601355135,8067.30836120477,11278.6729457415,10560.700445144,4431.12725543956
"ws-K",10440.9416762838,7606.06841416752,6748.98174043701,4181.26492489014,2953.50136751338,2503.40195599679,3503.33576637405,Inf,2474.20221312674,1986.29031864356,3181.20595506707,4312.54759886147,5423.17708043691,6195.96952451742,7115.18461010052,24341.53567358,23005.2023316816,20218.964964737,17344.8740128902,16882.7640020843,25798.574558734,25919.2801019902,49103.0383760692,22834.5000979071,25310.7595618863,13692.9856809342,15337.8715320288,12960.180055316,13522.2834471591,14629.3454986806,941.364753775924,2171.26631003443,15167.1854478595,0,1136.34657982295,2053.43174132708,13463.7184279596,22114.6962573871,21169.735811748,19533.3900275249,17955.5810006923,16074.2445876991,50460.1363664041,7170.88672955475,7857.2671321091,8498.69211678527,6793.054798794,9019.40752080474,765.657583972449,462.110010805992,1257.09653449403,9288.08625877605,15829.266071135,19274.7453860168,70622.8053465803,16586.3674386307,16657.0762913673,15067.1759172159,12760.1771436347,16049.9649954284,16882.7640020843,15141.4522000055,13522.2834471591,22963.7780072451,22114.6962573871,25457.1700911844,19327.59690148
"ws-25B",11535.8639316709,8700.99066955462,7843.9039958241,5276.18718027724,4048.42362290048,3639.74853581973,4639.68234619699,Inf,3569.12446851384,3122.6368984665,4317.55253489001,5448.89417868441,6559.52366025986,7332.31610434036,8251.53118992346,25436.4579289671,24100.1245870687,21313.8872201241,18439.7962682773,17977.6862574713,26893.4968141211,27014.2023573773,50239.3849558922,23929.4223532941,26405.6818172734,14787.9079363213,16432.7937874159,14055.1023107031,14617.2057025462,15724.2677540677,2077.71133359887,3278.32432415547,16262.1077032466,1136.34657982295,0,1082.78245925016,14558.6406833467,23209.6185127742,22264.658067135,20628.312282912,19050.5032560794,17169.1668430862,51596.4829462271,8248.65617797389,8905.74801482633,9342.15303958919,7929.40137861694,9862.86844360866,994.969248362675,1598.45659062894,2100.55745729767,10131.54718158,16924.1883265221,20369.6676414039,71759.1519264032,17681.2896940178,17751.9985467544,16162.098172603,13855.0993990218,17144.8872508155,17977.6862574714,16236.3744553926,14617.2057025462,24058.7002626322,23209.6185127742,26552.0923465715,20422.519156867
"ws-18",12452.9490931751,9618.07583105876,8760.98915732824,6193.27234178137,4965.50878440461,4556.83369732386,5556.76750770113,Inf,4486.20963001797,4039.72205997064,5234.63769639414,6365.97934018854,7476.60882176382,8249.40126584406,9168.61635142715,26353.5430904712,25017.2097485728,22230.9723816283,19356.8814297815,18894.7714189755,27810.5819756253,27931.2875188814,51156.4701173963,24846.5075147983,27322.7669787775,15704.9930978255,17349.87894892,14972.1874722073,15534.2908640504,16641.3529155718,2994.796495103,4195.40948565916,17179.1928647507,2053.43174132708,1082.78245925016,0,15475.7258448508,24126.7036742784,23181.7432286392,21545.3974444161,19967.5884175835,18086.2520045903,52513.5681077312,9165.74133947758,9822.83317633002,10171.3725039872,8846.48654012063,10428.4908166895,1619.16875284678,2515.54175213307,2988.35405309945,10345.706766238,17841.2734880262,21286.752802908,72676.2370879074,18598.3748555219,18669.0837082585,17079.1833341072,14772.1845605259,18061.9724123196,18894.7714189755,17153.4596168967,15534.2908640504,24975.7854241364,24126.7036742784,27469.1775080756,21339.6043183712
