"","R1","R2","R3","R7","R8","R4","R5","R6","rel_mondego"
"1",0,26798.0120338129,27692.9229574573,72829.9184894398,75554.3657899256,44387.1607110008,72284.1223044394,72705.2915002473,1814.94416283913
"2",26798.0120338129,0,929.172896959653,46066.1684289438,48790.615729429,17623.4106505041,45520.3722439435,45941.5414397513,28584.4253431658
"3",27692.9229574573,929.172896959653,0,45176.9574387139,47901.4047391991,16734.1996602742,44631.1612537136,45052.3304495214,29479.3362668101
"4",72829.9184894398,46066.1684289438,45176.9574387139,0,2768.1191192031,28471.2886319273,545.796185000259,293.801335588374,74616.3317987929
"5",75554.3657899256,48790.615729429,47901.4047391991,2768.1191192031,0,31195.7359324127,3270.24348548567,3018.24863607378,77340.7790992785
"6",44387.1607110008,17623.4106505041,16734.1996602742,28471.2886319273,31195.7359324127,0,27925.492446927,28346.6616427348,46173.5740203537
"7",72284.1223044394,45520.3722439435,44631.1612537136,545.796185000259,3270.24348548567,27925.492446927,0,421.169195807836,74070.5356137925
"8",72705.2915002473,45941.5414397513,45052.3304495214,293.801335588374,3018.24863607378,28346.6616427348,421.169195807836,0,74491.7048096004
"9",1814.94416283913,28584.4253431658,29479.3362668101,74616.3317987929,77340.7790992785,46173.5740203537,74070.5356137925,74491.7048096004,0
