"","ZS-MERELB-STUWGEUL","ZS-MERELB-TIJARM-SA","ZS-MERELB-STUWGEUL-SASTUW","RV-MERELB-STUWGEUL-SOSTUW","RV-MERELB-SLUIS-SO","BS-ZWIJNA-KANZWIJNA","BS-SEM","s-Wetteren","s-2a","s-Schoonaarde","s-wichelen","s-3","rel_merelbeke","BS-ASP-NSTUW-SA","BS-ASP-SLUIS-SA","BS-ASP-SLUIS-SO","s-Dendermonde2","s-4a","s-4b","s-4c","s-5","s-6","s-8","s-9a","s-9","s-8a","ZS-MERELB-TIJARM-SO","BS-ASP-OSTUW-SA","s-7","s-10a","s-12","ws-53A","me-7-2b","ru-1","bn-Walem","bn-1","bn-2","gn-1","gn-2","BS-ZINGEM","BS-HEURNE","BS-OUD-NSTUW-SA","BS-OUD-VISTRAP-SA","BS-OUD-VISTRAP-MID","BS-OUD-NSTUW-SO","BS-OUD-SLUIS-SO","BS-MELDEN","BS-WORTEGEM","BS-KERKH-SLUIS-SA","BS-KERKH-OSTUW-SA","BS-KERKH-VISTRAP-SA","BS-KERKH-VISTRAP-MID","BS-KERKH-VISTRAP-SO","BS-KERKH-NSTUW-SO","BS-KERKH-SLUIS-SO","BS-AVELG","BS-ASP-NSTUW-SO","BS-OUD-VISTRAP-SO","BS-OUD-SLUIS-SA","RV-ZWIJNA","S-MERELB-SOJACHTH","rel_rone","BS-KERKH-OSTUW-SO","TBR700-000336","rt-mer-300m","rt-mer-600m","rt-mer-900m","rt-mer-1200m","bs-as-rt-300m","bs-as-rt-600m","bs-as-rt-900m","bs-as-rt-1200m","rel_spiere","LE-STELO-SLUIS SA","LE-STELO-SLUIS SO","LE-OLSENE","LE-DEINZE","LE-AST","LE-STELO-VISTRAP-SA","rel_mandel","AKL-NEVELE","KGO-MERENDREE","KGO-AALTER","RV-EVERG-WESTERVAK","RV-EVERG-SLUIS-SA","LE-STMARTLATEM","LE-BAARLE","LE-DRONGEN","BRUGSEV-MARIAKERKE","rel_asper","BS-OUD-OSTUW-SA","BS-ASP-OSTUW-SO","BS-KERKH-NSTUW-SA","rel_weir1_kerkhove","LE-HARELB-VISTRAP-SA","LE-HARELB-VISTRAP-MID","LE-HARELB-STUW-SA","LE-HARELB-SLUIS-SA","LE-HARELB-STUW-SO","LE-KORTRIJK","LE-WEVELG","LE-MENEN-STUW-SA","LE-MENEN-STUW-SO","LE-WERVIK","rel_fish_pass_leie","LE-OOIGEM","LE-STELO-STUW -SA","RV-GENT-MONDTOERLEIE","RV-GENT-MONDOUDELEIE","rel_oudenaarde","BS-ZWALM","rel_weir2_kerkhove","rel_yacht_kerkhove","rel_oude_mandel","BS-OUD-OSTUW-SO","LE-SNEPKAAI","rel_zwalm"
"ZS-MERELB-STUWGEUL",0,965.739015583361,341.41596691343,582.838552789134,724.267757626453,2189.94934235703,6760.27045325008,8601.14908698985,18799.6012672409,23138.2101444026,14105.2403813993,28508.5756477619,241.422585875704,15486.3597487067,15586.3531297445,15727.7823345824,34019.9323072189,42445.8954433173,45801.8869318681,47950.6924829192,50548.0023946802,55325.2836002032,64985.0944070954,70310.2501584716,70144.6042074367,64660.8245096616,3072.93839054728,15586.3531297445,57132.3568158065,77560.5094683142,90356.3932405319,114733.417449923,65577.9840166039,68906.535018546,76183.4560616823,80877.6709312767,85071.9919038055,88910.5852036962,89434.8661992466,21239.3580184095,25378.1748218244,26461.1749681298,26561.192685209,26561.192685209,26744.0333778048,26744.0333778048,31362.6906369289,33552.6156432453,38646.8770451137,38646.8770451137,38746.8704261514,38605.4412213135,38746.8704261514,38929.735454789,38829.7420737513,42482.6846533327,15869.2115394197,26702.6218900461,26502.5864558885,2389.91176839188,1107.14388438074,42906.9722678459,38829.7420737513,3214.36759538433,3214.36759538433,2914.31444414841,2655.67278067056,2431.37192823274,14679.1960074402,14337.7313684446,13996.266729449,13654.8020904544,51098.3644704173,37753.3745554252,38701.9188294481,33558.931902692,27574.5864398741,22970.435574804,38319.0913747767,37511.9276335089,27098.188748945,19961.6991329619,28897.0718299414,12864.9304349136,14251.952348969,19348.9264343864,14237.3729467925,10598.6203927304,11371.9787158607,15203.5013390315,26602.6041729677,15727.7823345824,38646.8770451137,38688.3128689133,49349.1917389426,49449.2094560216,49349.1917389426,48883.4926366713,49490.6209437806,54550.6145427327,60286.2963906683,68039.0162648779,68180.4454697152,75564.5522508152,49449.2094560216,43647.4856614315,38319.0913747767,6618.57355196053,8508.71310349286,26644.0156607265,Inf,38646.8770451137,38122.5960495627,30413.0999131409,26744.0333778048,6518.5558348822,20115.1167366323
"ZS-MERELB-TIJARM-SA",965.739015583361,0,824.358482828177,841.55322439,982.982429227046,1282.79222005241,5853.11333094546,9566.88810257321,19765.3402828243,24103.949159986,15070.9793969827,29474.3146633452,865.769970586895,14579.2026264021,14679.1960074399,14820.6252122778,34985.6713228023,43411.6344589006,46767.6259474515,48916.4314985025,51513.7414102636,56291.0226157865,65950.8334226787,71275.9891740549,71110.3432230201,65626.563525245,2165.78126824266,14679.1960074399,58098.0958313899,78526.2484838975,91322.1322561152,115699.156465507,66543.7230321872,69872.2740341294,77149.1950772656,81843.40994686,86037.7309193888,89876.3242192796,90400.6052148299,20332.2008961049,24471.0176995198,25554.0178458251,25654.0355629044,25654.0355629044,25836.8762555002,25836.8762555002,30455.5335146242,32645.4585209407,37739.7199228091,37739.7199228091,37839.7133038468,37698.2840990088,37839.7133038468,38022.5783324844,37922.5849514467,41575.5275310281,14962.0544171151,25795.4647677414,25595.4293335838,2531.46265343473,1365.85855598133,41999.8151455413,37922.5849514467,2307.21047307971,2307.21047307971,2007.15732184379,1748.51565836593,1524.21480592811,13772.0388851356,13430.57424614,13089.1096071444,12747.6449681498,50191.2073481127,37894.925440468,38843.4697144909,33700.4827877349,27716.137324917,23111.9864598468,38460.6422598196,37653.4785185517,27239.7396339878,20103.2500180047,29038.6227149842,13006.4813199564,14510.6670205696,19490.4773194293,14378.9238318353,10740.1712777732,11630.6933874613,14296.3442167269,25695.4470506631,14820.6252122778,37739.7199228091,37781.1557466087,49490.7426239855,49590.7603410645,49490.7426239855,49025.0435217141,49632.1718288234,54692.1654277756,60427.8472757111,68180.5671499207,68321.996354758,75706.103135858,49590.7603410645,43789.0365464744,38460.6422598196,6760.12443700338,8650.26398853571,25736.8585384218,Inf,37739.7199228091,37215.4389272581,30554.6507981838,25836.8762555002,6660.10671992505,19207.9596143277
"ZS-MERELB-STUWGEUL-SASTUW",341.41596691343,824.358482828177,0,241.422585875704,382.851790713023,1955.69477736591,6618.8899204949,8942.56505390328,19141.0172341544,23479.6261113161,14446.6563483128,28849.9916146753,99.9933810377261,15344.9792159515,15444.9725969893,15586.4018018272,34361.3482741323,42787.3114102307,46143.3028987815,48292.1084498326,50889.4183615936,55666.6995671166,65326.5103740088,70651.666125385,70486.0201743502,65002.2404765751,2931.5578577921,15444.9725969893,57473.77278272,77901.9254352276,90697.8092074453,115074.833416837,65919.3999835173,69247.9509854594,76524.8720285957,81219.0868981901,85413.4078707189,89252.0011706097,89776.28216616,21097.9774856544,25236.7942890692,26319.7944353746,26419.8121524538,26419.8121524538,26602.6528450496,26602.6528450496,31221.3101041737,33411.2351104902,38505.4965123585,38505.4965123585,38605.4898933963,38464.0606885583,38605.4898933963,38788.3549220338,38688.3615409961,42341.3041205776,15727.8310066645,26561.2413572909,26361.2059231333,2048.49580147845,765.727917467306,42765.5917350908,38688.3615409961,3072.98706262915,3072.98706262915,2772.93391139323,2514.29224791537,2289.99139547755,14537.815474685,14196.3508356894,13854.8861966939,13513.4215576992,50956.9839376621,37411.9585885117,38360.5028625346,33217.5159357786,27233.1704729607,22629.0196078905,37977.6754078633,37170.5116665954,26756.7727820315,19620.2831660484,28555.6558630279,12523.5144680001,13910.5363820556,19007.510467473,13895.956979879,10257.2044258169,11030.5627489473,15062.1208062763,26461.2236402126,15586.4018018272,38505.4965123585,38546.9323361581,49007.7757720292,49107.7934891082,49007.7757720292,48542.0766697579,49149.2049768672,54209.1985758193,59944.8804237548,67697.6002979645,67839.0295028017,75223.1362839017,49107.7934891082,43306.0696945181,37977.6754078633,6277.1575850471,8167.29713657943,26502.6351279713,Inf,38505.4965123585,37981.2155168075,30071.6839462275,26602.6528450496,6177.13986796877,19973.7362038771
"RV-MERELB-STUWGEUL-SOSTUW",582.838552789134,841.55322439,241.422585875704,0,141.429204837319,1714.2721914902,6543.21062981865,9183.98763977898,19382.4398200301,23721.0486971918,14688.0789341885,29091.414200551,341.41596691343,15269.2999252753,15369.2933063131,15510.722511151,34602.770860008,43028.7339961064,46384.7254846572,48533.5310357083,51130.8409474693,55908.1221529923,65567.9329598845,70893.0887112607,70727.4427602259,65243.6630624508,2855.87856711585,15369.2933063131,57715.1953685957,78143.3480211033,90939.231793321,115316.256002712,66160.822569393,69489.3735713351,76766.2946144714,81460.5094840658,85654.8304565946,89493.4237564854,90017.7047520357,21022.2981949781,25161.1149983929,26244.1151446983,26344.1328617776,26344.1328617776,26526.9735543734,26526.9735543734,31145.6308134974,33335.5558198139,38429.8172216823,38429.8172216823,38529.81060272,38388.381397882,38529.81060272,38712.6756313576,38612.6822503198,42265.6248299013,15652.1517159883,26485.5620666146,26285.526632457,1807.07321560275,524.305331591603,42689.9124444145,38612.6822503198,2997.30777195289,2997.30777195289,2697.25462071698,2438.61295723912,2097.14831824383,14462.1361840087,14120.6715450132,13779.2069060176,13437.742267023,50881.3046469859,37170.536002636,38119.0802766589,32976.0933499029,26991.747887085,22387.5970220148,37736.2528219876,36929.0890807197,26515.3501961558,19378.8605801727,28314.2332771522,12282.0918821244,13669.1137961799,18766.0878815973,13654.5343940033,10015.7818399412,10789.1401630716,14986.4415156001,26385.5443495363,15510.722511151,38429.8172216823,38471.2530454819,48766.3531861535,48866.3709032325,48766.3531861535,48300.6540838821,48907.7823909915,53967.7759899436,59703.4578378791,67456.1777120888,67597.606916926,74981.713698026,48866.3709032325,43064.6471086424,37736.2528219876,6035.73499917139,7925.87455070372,26426.955837295,Inf,38429.8172216823,37905.5362261313,29830.2613603518,26526.9735543734,5935.71728209307,19898.0569132009
"RV-MERELB-SLUIS-SO",724.267757626453,982.982429227046,382.851790713023,141.429204837319,0,1572.84298665289,6401.78142498133,9325.4168446163,19523.8690248674,23862.4779020291,14829.5081390258,29232.8434053883,482.845171750749,15127.870720438,15227.8641014757,15369.2933063136,34744.2000648453,43170.1632009437,46526.1546894946,48674.9602405456,51272.2701523067,56049.5513578296,65709.3621647218,71034.517916098,70868.8719650632,65385.0922672881,2714.44936227853,15227.8641014757,57856.624573433,78284.7772259406,91080.6609981583,115457.68520755,66302.2517742303,69630.8027761725,76907.7238193087,81601.9386889031,85796.2596614319,89634.8529613227,90159.133956873,20880.8689901408,25019.6857935556,26102.685939861,26202.7036569403,26202.7036569403,26385.544349536,26385.544349536,31004.2016086601,33194.1266149766,38288.388016845,38288.388016845,38388.3813978827,38246.9521930447,38388.3813978827,38571.2464265203,38471.2530454825,42124.195625064,15510.722511151,26344.1328617773,26144.0974276197,1665.64401076543,382.876126754284,42548.4832395772,38471.2530454825,2855.87856711557,2855.87856711557,2555.82541587966,2297.1837524018,1955.71911340651,14320.7069791714,13979.2423401759,13637.7777011803,13296.3130621857,50739.8754421486,37029.1067977987,37977.6510718216,32834.6641450656,26850.3186822476,22246.1678171775,37594.8236171503,36787.6598758824,26373.9209913185,19237.4313753354,28172.8040723149,12140.6626772871,13527.6845913426,18624.65867676,13513.105189166,9874.35263510391,10647.7109582343,14845.0123107628,26244.115144699,15369.2933063136,38288.388016845,38329.8238406446,48624.9239813162,48724.9416983952,48624.9239813162,48159.2248790448,48766.3531861541,53826.3467851063,59562.0286330418,67314.7485072515,67456.1777120887,74840.2844931887,48724.9416983952,42923.2179038051,37594.8236171503,5894.30579433407,7784.4453458664,26285.5266324577,Inf,38288.388016845,37764.107021294,29688.8321555145,26385.544349536,5794.28807725575,19756.6277083636
"BS-ZWIJNA-KANZWIJNA",2189.94934235703,1282.79222005241,1955.69477736591,1714.2721914902,1572.84298665289,0,4828.93843832871,10791.0984293469,20989.550609598,25328.1594867597,16295.1897237564,30698.5249901189,2055.68815840363,13555.0277337854,13655.0211148231,13796.450319661,36209.8816495759,44635.8447856743,47991.8362742251,50140.6418252762,52737.9517370372,57515.2329425602,67175.0437494524,72500.1995008286,72334.5535497937,66850.7738520187,1141.60637562592,13655.0211148231,59322.3061581636,79750.4588106712,92546.3425828889,116923.36679228,67767.9333589609,71096.484360903,78373.4054040393,83067.6202736337,87261.9412461625,91100.5345460533,91624.8155416036,19308.0260034882,23446.842806903,24529.8429532084,24629.8606702876,24629.8606702876,24812.7013628834,24812.7013628834,29431.3586220075,31621.283628324,36715.5450301923,36715.5450301923,36815.5384112301,36674.1092063921,36815.5384112301,36998.4034398676,36898.4100588299,40551.3526384114,13937.8795244983,24771.2898751247,24571.2544409671,1990.03558840513,1414.29204837706,40975.6402529246,36898.4100588299,1283.03558046296,1283.03558046296,982.982429227046,724.340765748918,382.876126753625,12747.8639925188,12406.3993535232,12064.9347145277,11723.470075533,49167.032455496,37353.4983754384,38302.0426494613,33159.0557227053,27174.7102598873,22570.5593948172,37919.21519479,37112.0514535221,26698.3125689582,19561.8229529751,28497.1956499546,12465.0542549268,14037.824233456,18949.0502543997,13837.4967668057,10198.7442127436,11679.1268798568,13272.1693241101,24671.2721580464,13796.450319661,36715.5450301923,36756.9808539919,48949.3155589559,49049.3332760349,48949.3155589559,48483.6164566845,49090.7447637938,54150.738362746,59886.4202106815,67639.1400848911,67780.5692897284,75164.6760708284,49049.3332760349,43247.6094814448,37919.21519479,6218.69737197377,8108.8369235061,24712.6836458051,Inf,36715.5450301923,36191.2640346413,30013.2237331542,24812.7013628834,6118.67965489544,18183.7847217109
"BS-SEM",6760.27045325008,5853.11333094546,6618.8899204949,6543.21062981865,6401.78142498133,4828.93843832871,0,15361.4195402399,25559.8717204911,29898.4805976528,20865.5108346494,35268.846101012,6660.30140825362,8784.67118873534,8884.66456977311,9026.09377461101,40780.202760469,49206.1658965674,52562.1573851182,54710.9629361693,57308.2728479303,62085.5540534533,71745.3648603453,77070.5206117215,76904.8746606867,71421.0949629116,3687.3320627028,8884.66456977311,63892.6272690566,84320.7799215641,97116.6636937818,121493.687903173,72338.2544698539,75666.805471796,82943.7265149322,87637.9413845266,91832.2623570554,95670.8556569462,96195.1366524965,14537.6694584381,18676.486261853,19759.4864081583,19859.5041252376,19859.5041252376,20042.3448178334,20042.3448178334,24661.0020769574,26850.9270832739,31945.1884851423,31945.1884851423,32045.18186618,31903.7526613421,32045.18186618,32228.0468948176,32128.0535137799,35780.9960933613,9167.52297944833,20000.9333300746,19800.8978959171,6818.97402673357,6243.2304867055,36205.2837078745,32128.0535137799,3545.90285786575,3545.90285786575,3845.95600910167,4187.42064809723,4446.06231157536,7977.5074474688,7636.04280847323,7294.57816947767,6953.11353048303,44396.6759104459,42182.4368137669,43130.9810877898,37987.9941610338,32003.6486982158,27399.4978331457,42748.1536331184,41940.9898918506,31527.2510072867,24390.7613913036,33326.1340882831,17293.9926932553,18866.7626717845,23777.9886927281,18666.4352051342,15027.6826510721,16508.0653181852,8501.81277906013,19900.9156129963,9026.09377461101,31945.1884851423,31986.6243089419,53778.2539972843,53878.2717143633,53778.2539972843,53312.554895013,53919.6832021223,58979.6768010744,64715.35864901,72468.0785232195,72609.5077280567,79993.6145091567,53878.2717143633,48076.5479197732,42748.1536331184,11047.6358103022,12937.7753618345,19942.327100755,Inf,31945.1884851423,31420.9074895913,34842.1621714826,20042.3448178334,10947.6180932239,13413.4281766609
"s-Wetteren",8601.14908698985,9566.88810257321,8942.56505390328,9183.98763977898,9325.4168446163,10791.0984293469,15361.4195402399,0,10198.4521802511,14537.0610574128,5504.09129440948,19907.426560772,8842.57167286555,24087.5088356966,24187.5022167344,24328.9314215723,25418.783220229,33844.7463563274,37200.7378448783,39349.5433959293,41946.8533076904,46724.1345132133,56383.9453201055,61709.1010714818,61543.4551204469,56059.6754226718,11674.0874775371,24187.5022167344,48531.2077288167,68959.3603813245,81755.2441535421,106132.268362934,56976.8349296141,60305.3859315562,67582.3069746925,72276.5218442869,76470.8428168157,80309.4361167065,80833.7171122568,29840.5071053994,33979.3239088143,35062.3240551196,35162.3417721989,35162.3417721989,35345.1824647947,35345.1824647947,39963.8397239187,42153.7647302352,47248.0261321036,47248.0261321036,47348.0195131413,47206.5903083033,47348.0195131413,47530.8845417789,47430.8911607411,51083.8337403226,24470.3606264096,35303.7709770359,35103.7355428784,10991.0608553817,9708.29297137058,51508.1213548358,47430.8911607411,11815.5166823742,11815.5166823742,11515.4635311383,11256.8218676604,11032.5210152226,23280.3450944301,22938.8804554345,22597.4158164389,22255.9511774443,59699.5135574072,46354.523642415,47303.0679164379,42160.0809896819,36175.735526864,31571.5846617938,46920.2404617666,46113.0767204987,35699.3378359348,28562.8482199518,37498.2209169312,21466.0795219035,22853.1014359589,27950.0755213763,22838.5220337824,19199.7694797202,19973.1278028506,23804.6504260214,35203.7532599576,24328.9314215723,47248.0261321036,47289.4619559032,57950.3408259325,58050.3585430115,57950.3408259325,57484.6417236611,58091.7700307704,63151.7636297226,68887.4454776581,76640.1653518676,76781.5945567049,84165.7013378049,58050.3585430115,52248.6347484214,46920.2404617666,15219.7226389504,17109.8621904827,35245.1647477163,Inf,47248.0261321036,46723.7451365526,39014.2490001308,35345.1824647947,15119.704921872,28716.2658236222
"s-2a",18799.6012672409,19765.3402828243,19141.0172341544,19382.4398200301,19523.8690248674,20989.550609598,25559.8717204911,10198.4521802511,0,4397.19077044042,4694.3608858416,9767.55627379959,19041.0238531166,34285.9610159478,34385.9543969855,34527.3836018234,15278.9129332566,23704.876069355,27060.8675579059,29209.6731089569,31806.983020718,36584.264226241,46244.0750331332,51569.2307845094,51403.5848334746,45919.8051356994,21872.5396577882,34385.9543969855,38391.3374418443,58819.4900943521,71615.3738665699,95992.3980759614,46836.9646426417,50165.5156445838,57442.4366877202,62136.6515573147,66330.9725298436,70169.5658297343,70693.8468252847,40038.9592856505,44177.7760890654,45260.7762353707,45360.79395245,45360.79395245,45543.6346450458,45543.6346450458,50162.2919041698,52352.2169104863,57446.4783123547,57446.4783123547,57546.4716933924,57405.0424885544,57546.4716933924,57729.33672203,57629.3433409922,61282.2859205737,34668.8128066607,45502.223157287,45302.1877231295,21189.5130356328,19906.7451516217,61706.5735350869,57629.3433409922,22013.9688626253,22013.9688626253,21713.9157113894,21455.2740479115,21230.9731954737,33478.7972746812,33137.3326356856,32795.8679966901,32454.4033576954,69897.9657376581,56552.9758226661,57501.520096689,52358.533169933,46374.1877071151,41770.0368420449,57118.6926420176,56311.5289007498,45897.7900161859,38761.3004002029,47696.6730971823,31664.5317021546,33051.55361621,38148.5277016274,33036.9742140335,29398.2216599714,30171.5799831018,34003.1026062725,45402.2054402087,34527.3836018234,57446.4783123547,57487.9141361542,68148.7930061835,68248.8107232625,68148.7930061835,67683.0939039122,68290.2222110215,73350.2158099735,79085.897657909,86838.6175321185,86980.0467369558,94364.1535180558,68248.8107232625,62447.0869286725,57118.6926420176,25418.1748192015,27308.3143707339,45443.6169279674,Inf,57446.4783123547,56922.1973168037,49212.7011803819,45543.6346450458,25318.1571021232,38914.7180038733
"s-Schoonaarde",23138.2101444026,24103.949159986,23479.6261113161,23721.0486971918,23862.4779020291,25328.1594867597,29898.4805976528,14537.0610574128,4397.19077044042,0,9032.96976300329,5370.36550335917,23379.6327302784,38624.5698931094,38724.5632741472,38865.9924789851,10881.7221628162,19307.6852989146,22663.6767874654,24812.4823385165,27409.7922502776,32187.0734558005,41846.8842626928,47172.040014069,47006.3940630341,41522.614365259,26211.14853495,38724.5632741472,33994.1466714039,54422.2993239117,67218.1830961296,91595.207305521,42439.7738722013,45768.3248741434,53045.2459172798,57739.4607868742,61933.7817594031,65772.3750592939,66296.6560548443,44377.5681628122,48516.384966227,49599.3851125324,49699.4028296117,49699.4028296117,49882.2435222074,49882.2435222074,54500.9007813315,56690.825787648,61785.0871895163,61785.0871895163,61885.0805705541,61743.6513657161,61885.0805705541,62067.9455991916,61967.9522181539,65620.8947977354,39007.4216838224,49840.8320344487,49640.7966002911,25528.1219127946,24245.3540287834,66045.1824122486,61967.9522181539,26352.577739787,26352.577739787,26052.5245885511,25793.8829250732,25569.5820726354,37817.4061518429,37475.9415128473,37134.4768738518,36793.0122348571,74236.5746148198,60891.5846998278,61840.1289738507,56697.1420470947,50712.7965842768,46108.6457192066,61457.3015191793,60650.1377779115,50236.3988933476,43099.9092773646,52035.281974344,36003.1405793163,37390.1624933717,42487.1365787891,37375.5830911952,33736.8305371331,34510.1888602635,38341.7114834342,49740.8143173704,38865.9924789851,61785.0871895163,61826.5230133159,72487.4018833451,72587.4196004241,72487.4018833451,72021.7027810738,72628.8310881831,77688.8246871352,83424.5065350706,91177.2264092802,91318.6556141175,98702.7623952175,72587.4196004241,66785.6958058342,61457.3015191793,29756.7836963632,31646.9232478956,49782.2258051291,Inf,61785.0871895163,61260.8061939653,53551.3100575435,49882.2435222074,29656.7659792849,43253.326881035
"s-wichelen",14105.2403813993,15070.9793969827,14446.6563483128,14688.0789341885,14829.5081390258,16295.1897237564,20865.5108346494,5504.09129440948,4694.3608858416,9032.96976300329,0,14403.3352663625,14346.662967275,29591.6001301061,29691.5935111439,29833.0227159818,19914.6919258195,28340.6550619179,31696.6465504688,33845.4521015198,36442.7620132809,41220.0432188038,50879.8540256961,56205.0097770723,56039.3638260374,50555.5841282623,17178.1787719466,29691.5935111439,43027.1164344072,63455.269086915,76251.1528591327,100628.177068524,51472.7436352046,54801.2946371467,62078.2156802831,66772.4305498775,70966.7515224063,74805.3448222971,75329.6258178474,35344.5983998089,39483.4152032237,40566.4153495291,40666.4330666084,40666.4330666084,40849.2737592041,40849.2737592041,45467.9310183282,47657.8560246447,52752.117426513,52752.117426513,52852.1108075508,52710.6816027128,52852.1108075508,53034.9758361883,52934.9824551506,56587.9250347321,29974.4519208191,40807.8622714454,40607.8268372878,16495.1521497912,15212.3842657801,57012.2126492453,52934.9824551506,17319.6079767836,17319.6079767836,17019.5548255477,16760.9131620699,16536.6123096321,28784.4363888396,28442.971749844,28101.5071108484,27760.0424718538,65203.6048518166,51858.6149368245,52807.1592108474,47664.1722840914,41679.8268212734,37075.6759562033,52424.331756176,51617.1680149082,41203.4291303443,34066.9395143613,43002.3122113407,26970.170816313,28357.1927303684,33454.1668157858,28342.6133281919,24703.8607741297,25477.2190972601,29308.7417204309,40707.8445543671,29833.0227159818,52752.117426513,52793.5532503126,63454.4321203419,63554.4498374209,63454.4321203419,62988.7330180706,63595.8613251799,68655.854924132,74391.5367720675,82144.256646277,82285.6858511143,89669.7926322143,63554.4498374209,57752.7260428309,52424.331756176,20723.8139333599,22613.9534848922,40749.2560421258,Inf,52752.117426513,52227.836430962,44518.3402945402,40849.2737592041,20623.7962162815,34220.3571180317
"s-3",28508.5756477619,29474.3146633452,28849.9916146753,29091.414200551,29232.8434053883,30698.5249901189,35268.846101012,19907.426560772,9767.55627379959,5370.36550335917,14403.3352663625,0,28749.9982336376,43994.9353964686,44094.9287775064,44236.3579823443,5569.93855273601,13995.9016888344,17351.8931773852,19500.6987284363,22098.0086401974,26875.2898457203,36535.1006526126,41860.2564039888,41694.610452954,36210.8307551789,31581.5140383092,44094.9287775064,28682.3630613237,49110.5157138315,61906.3994860494,86283.4236954409,37127.9902621211,40456.5412640632,47733.4623071996,52427.6771767941,56621.998149323,60460.5914492138,60984.8724447641,49747.9336661714,53886.7504695862,54969.7506158916,55069.7683329708,55069.7683329708,55252.6090255666,55252.6090255666,59871.2662846907,62061.1912910071,67155.4526928755,67155.4526928755,67255.4460739132,67114.0168690752,67255.4460739132,67438.3111025508,67338.3177215131,70991.2603010945,44377.7871871816,55211.1975378079,55011.1621036503,30898.4874161538,29615.7195321426,71415.5479156077,67338.3177215131,31722.9432431462,31722.9432431462,31422.8900919103,31164.2484284324,30939.9475759946,43187.7716552021,42846.3070162065,42504.8423772109,42163.3777382163,79606.9401181789,66261.9502031869,67210.4944772099,62067.5075504538,56083.1620876359,51479.0112225658,66827.6670225385,66020.5032812706,55606.7643967068,48470.2747807237,57405.6474777032,41373.5060826755,42760.5279967309,47857.5020821483,42745.9485945544,39107.1960404923,39880.5543636226,43712.0769867934,55111.1798207296,44236.3579823443,67155.4526928755,67196.8885166751,77857.7673867042,77957.7851037832,77857.7673867042,77392.0682844329,77999.1965915422,83059.1901904943,88794.8720384297,96547.5919126393,96689.0211174766,104073.127898577,77957.7851037832,72156.0613091933,66827.6670225385,35127.1491997224,37017.2887512547,55152.5913084883,Inf,67155.4526928755,66631.1716973245,58921.6755609027,55252.6090255666,35027.1314826441,48623.6923843942
"rel_merelbeke",241.422585875704,865.769970586895,99.9933810377261,341.41596691343,482.845171750749,2055.68815840363,6660.30140825362,8842.57167286555,19041.0238531166,23379.6327302784,14346.662967275,28749.9982336376,0,15386.3907037103,15486.384084748,15627.8132895859,34261.3548930946,42687.318029193,46043.3095177438,48192.1150687949,50789.4249805559,55566.7061860789,65226.5169929711,70551.6727443473,70386.0267933124,64902.2470955374,2972.96934555082,15486.384084748,57373.7794016822,77801.9320541899,90597.8158264076,114974.840035799,65819.4066024796,69147.9576044217,76424.878647558,81119.0935171524,85313.4144896812,89152.0077895719,89676.2887851223,21139.3889734131,25278.2057768279,26361.2059231333,26461.2236402126,26461.2236402126,26644.0643328083,26644.0643328083,31262.7215919324,33452.6465982489,38546.9080001173,38546.9080001173,38646.901381155,38505.472176317,38646.901381155,38829.7664097926,38729.7730287548,42382.7156083363,15769.2424944232,26602.6528450496,26402.617410892,2148.48918251618,865.721298505033,42807.0032228495,38729.7730287548,3114.39855038786,3114.39855038786,2814.34539915195,2555.70373567409,2331.40288323627,14579.2269624437,14237.7623234481,13896.2976844526,13554.8330454579,50998.3954254209,37511.9519695495,38460.4962435724,33317.5093168163,27333.1638539984,22729.0129889282,38077.668788901,37270.5050476332,26856.7661630693,19720.2765470862,28655.6492440657,12623.5078490379,14010.5297630933,19107.5038485107,13995.9503609168,10357.1978068547,11130.556129985,15103.532294035,26502.6351279713,15627.8132895859,38546.9080001173,38588.3438239168,49107.7691530669,49207.7868701459,49107.7691530669,48642.0700507956,49249.1983579049,54309.191956857,60044.8738047926,67797.5936790022,67939.0228838395,75323.1296649395,49207.7868701459,43406.0630755558,38077.668788901,6377.15096608482,8267.29051761715,26544.04661573,Inf,38546.9080001173,38022.6270045663,30171.6773272652,26644.0643328083,6277.1332490065,20015.1476916359
"BS-ASP-NSTUW-SA",15486.3597487067,14579.2026264021,15344.9792159515,15269.2999252753,15127.870720438,13555.0277337854,8784.67118873534,24087.5088356966,34285.9610159478,38624.5698931094,29591.6001301061,43994.9353964686,15386.3907037103,0,99.9933810378425,241.42258587567,49506.2920559257,57932.255192024,61288.2466805749,63437.0522316259,66034.362143387,70811.6433489098,80471.4541558019,85796.6099071781,85630.9639561432,80147.1842583681,12413.4213581594,99.9933810378425,72618.7165645132,93046.8692170207,105842.752989238,130219.77719863,81064.3437653104,84392.8947672525,91669.8158103888,96364.0306799831,100558.351652512,104396.944952403,104921.225947953,5752.99826970279,9891.8150731176,10974.815219423,11074.8329365022,11074.8329365022,11257.673629098,11257.673629098,15876.3308882221,18066.2558945385,23160.5172964069,23160.5172964069,23260.5106774447,23119.0814726067,23260.5106774447,23443.3757060822,23343.3823250445,26996.324904626,382.851790712989,11216.2621413393,11016.2267071817,15545.0633221902,14969.3197821621,27420.6125191392,23343.3823250445,12271.9921533224,12271.9921533224,12572.0453045583,12913.5099435539,13172.151607032,807.163741266817,1148.62838026211,1490.09301925768,1831.55765825231,35612.0047217106,50908.5261092236,51857.0703832465,46714.0834564904,40729.7379936725,36125.5871286024,51474.2429285751,50667.0791873073,40253.3403027434,33116.8506867603,42052.2233837397,26020.081988712,27592.8519672411,32504.0779881848,27392.5245005909,23753.7719465287,25234.1546136419,282.858409675215,11116.244424261,241.42258587567,23160.5172964069,23201.9531202065,62504.343292741,62604.36100982,62504.343292741,62038.6441904697,62645.772497579,67705.766096531,73441.4479444665,81194.167818676,81335.5970235133,88719.7038046133,62604.36100982,56802.6372152299,51474.2429285751,19773.7251057589,21663.8646572912,11157.6559120197,Inf,23160.5172964069,22636.2363008559,43568.2514669393,11257.673629098,19673.7073886805,4628.75698792559
"BS-ASP-SLUIS-SA",15586.3531297445,14679.1960074399,15444.9725969893,15369.2933063131,15227.8641014757,13655.0211148231,8884.66456977311,24187.5022167344,34385.9543969855,38724.5632741472,29691.5935111439,44094.9287775064,15486.384084748,99.9933810378425,0,141.429204837895,49606.2854369634,58032.2485730618,61388.2400616127,63537.0456126637,66134.3555244247,70911.6367299476,80571.4475368396,85896.6032882158,85730.957337181,80247.1776394059,12513.4147391972,0,72718.709945551,93146.8625980584,105942.746370276,130319.770579668,81164.3371463482,84492.8881482903,91769.8091914265,96464.0240610209,100658.34503355,104496.93833344,105021.219328991,5653.00488866502,9791.82169207983,10874.8218383852,10974.8395554645,10974.8395554645,11157.6802480602,11157.6802480602,15776.3375071843,17966.2625135008,23060.5239153692,23060.5239153692,23160.5172964069,23019.0880915689,23160.5172964069,23343.3823250445,23243.3889440067,26896.3315235882,282.858409675214,11116.2687603015,10916.2333261439,15645.056703228,15069.3131631999,27320.6191381014,23243.3889440067,12371.9855343602,12371.9855343602,12672.0386855961,13013.5033245916,13272.1449880698,907.157122304591,1248.62176129988,1590.08640029545,1931.55103929008,35512.0113406728,51008.5194902613,51957.0637642842,46814.0768375282,40829.7313747103,36225.5805096401,51574.2363096129,50767.072568345,40353.3336837811,33216.844067798,42152.2167647775,26120.0753697497,27692.8453482789,32604.0713692226,27492.5178816286,23853.7653275665,25334.1479946797,382.851790712989,11016.2510432232,141.429204837895,23060.5239153692,23101.9597391687,62604.3366737788,62704.3543908578,62604.3366737788,62138.6375715074,62745.7658786168,67805.7594775688,73541.4413255043,81294.1611997138,81435.590404551,88819.697185651,62704.3543908578,56902.6305962677,51574.2363096129,19873.7184867966,21763.858038329,11057.6625309819,Inf,23060.5239153692,22536.2429198181,43668.2448479771,11157.6802480602,19773.7007697183,4528.76360688781
"BS-ASP-SLUIS-SO",15727.7823345824,14820.6252122778,15586.4018018272,15510.722511151,15369.2933063136,13796.450319661,9026.09377461101,24328.9314215723,34527.3836018234,38865.9924789851,29833.0227159818,44236.3579823443,15627.8132895859,241.42258587567,141.429204837895,0,49747.7146418013,58173.6777778997,61529.6692664505,63678.4748175016,66275.7847292626,71053.0659347855,80712.8767416775,86038.0324930537,85872.3865420189,80388.6068442438,12654.8439440351,141.429204837895,72860.1391503888,93288.2918028963,106084.175575114,130461.199784505,81305.766351186,84634.3173531281,91911.2383962644,96605.4532658588,100799.774238388,104638.367538278,105162.648533829,5511.57568382712,9650.39248724193,10733.3926335473,10833.4103506266,10833.4103506266,11016.2510432223,11016.2510432223,15634.9083023464,17824.8333086629,22919.0947105313,22919.0947105313,23019.088091569,22877.658886731,23019.088091569,23201.9531202066,23101.9597391688,26754.9023187503,141.429204837319,10974.8395554636,10774.804121306,15786.4859080659,15210.7423680378,27179.1899332635,23101.9597391688,12513.4147391981,12513.4147391981,12813.467890434,13154.9325294295,13413.5741929077,1048.58632714249,1390.05096613778,1731.51560513334,2072.98024412798,35370.5821358349,51149.9486950992,52098.4929691221,46955.5060423661,40971.1605795482,36367.009714478,51715.6655144508,50908.5017731829,40494.762888619,33358.2732726359,42293.6459696154,26261.5045745876,27834.2745531168,32745.5005740605,27633.9470864665,23995.1945324044,25475.5771995176,524.280995550884,10874.8218383853,0,22919.0947105313,22960.5305343309,62745.7658786167,62845.7835956957,62745.7658786167,62280.0667763453,62887.1950834546,67947.1886824067,73682.8705303422,81435.5904045517,81577.0196093889,88961.1263904889,62845.7835956957,57044.0598011056,51715.6655144508,20015.1476916345,21905.2872431669,10916.233326144,Inf,22919.0947105313,22394.8137149803,43809.674052815,11016.2510432223,19915.1299745562,4387.33440204992
"s-Dendermonde2",34019.9323072189,34985.6713228023,34361.3482741323,34602.770860008,34744.2000648453,36209.8816495759,40780.202760469,25418.783220229,15278.9129332566,10881.7221628162,19914.6919258195,5569.93855273601,34261.3548930946,49506.2920559257,49606.2854369634,49747.7146418013,0,8425.96313609837,11781.9546246492,13930.7601757003,16528.0700874613,21305.3512929843,30965.1620998766,36290.3178512528,36124.671900218,30640.8922024428,37092.8706977662,49606.2854369634,23112.4245085877,43540.5771610955,56336.4609333134,80713.485142705,31558.0517093851,34886.6027113272,42163.5237544636,46857.7386240581,51052.059596587,54890.6528964778,55414.9338920281,55259.2903256284,59398.1071290432,60481.1072753486,60581.1249924279,60581.1249924279,60763.9656850236,60763.9656850236,65382.6229441477,67572.5479504641,72666.8093523324,72666.8093523324,72766.8027333701,72625.3735285321,72766.8027333701,72949.6677620077,72849.67438097,76502.6169605514,49889.1438466386,60722.5541972649,60522.5187631073,36409.8440756108,35127.0761915996,76926.9045750646,72849.67438097,37234.2999026032,37234.2999026032,36934.2467513673,36675.6050878894,36451.3042354516,48699.1283146591,48357.6636756635,48016.1990366679,47674.7343976733,85118.2967776358,71773.3068626439,72721.8511366668,67578.8642099108,61594.5187470929,56990.3678820228,72339.0236819954,71531.8599407276,61118.1210561638,53981.6314401807,62917.0041371602,46884.8627421325,48271.8846561879,53368.8587416053,48257.3052540114,44618.5526999493,45391.9110230797,49223.4336462504,60622.5364801866,49747.7146418013,72666.8093523324,72708.245176132,83369.1240461612,83469.1417632401,83369.1240461612,82903.4249438898,83510.5532509991,88570.5468499512,94306.2286978866,102058.948572096,102200.377776933,109584.484558033,83469.1417632401,77667.4179686502,72339.0236819954,40638.5058591794,42528.6454107117,60663.9479679453,Inf,72666.8093523324,72142.5283567814,64433.0322203597,60763.9656850236,40538.4881421011,54135.0490438512
"s-4a",42445.8954433173,43411.6344589006,42787.3114102307,43028.7339961064,43170.1632009437,44635.8447856743,49206.1658965674,33844.7463563274,23704.876069355,19307.6852989146,28340.6550619179,13995.9016888344,42687.318029193,57932.255192024,58032.2485730618,58173.6777778997,8425.96313609837,0,3355.99148855085,5504.79703960191,8102.10695136295,12879.3881568859,22539.1989637782,27864.3547151544,27698.7087641195,22214.9290663444,45518.8338338646,58032.2485730618,14686.4613724893,35114.6140249972,47910.497797215,72287.5220066067,23132.0885732867,26460.6395752288,33737.5606183652,38431.7754879597,42626.0964604886,46464.6897603794,46988.9707559297,63685.2534617268,67824.0702651415,68907.0704114469,69007.0881285262,69007.0881285262,69189.928821122,69189.928821122,73808.5860802459,75998.5110865623,81092.7724884307,81092.7724884307,81192.7658694684,81051.3366646304,81192.7658694684,81375.630898106,81275.6375170682,84928.5800966496,58315.106982737,69148.5173333633,68948.4818992057,44835.8072117092,43553.039327698,85352.8677111628,81275.6375170682,45660.2630387016,45660.2630387016,45360.2098874657,45101.5682239878,44877.26737155,57125.0914507575,56783.6268117619,56442.1621727663,56100.6975337717,93544.2599137341,80199.2699987421,81147.814272765,76004.8273460091,70020.4818831913,65416.3310181212,80764.9868180937,79957.8230768258,69544.0841922621,62407.5945762791,71342.9672732585,55310.8258782309,56697.8477922863,61794.8218777037,56683.2683901097,53044.5158360476,53817.874159178,57649.3967823488,69048.4996162849,58173.6777778997,81092.7724884307,81134.2083122303,91795.0871822594,91895.1048993384,91795.0871822594,91329.3880799881,91936.5163870974,96996.5099860494,102732.191833985,110484.911708194,110626.340913032,118010.447694132,91895.1048993384,86093.3811047484,80764.9868180937,49064.4689952778,50954.6085468101,69089.9111040436,Inf,81092.7724884307,80568.4914928797,72858.995356458,69189.928821122,48964.4512781995,62561.0121799496
"s-4b",45801.8869318681,46767.6259474515,46143.3028987815,46384.7254846572,46526.1546894946,47991.8362742251,52562.1573851182,37200.7378448783,27060.8675579059,22663.6767874654,31696.6465504688,17351.8931773852,46043.3095177438,61288.2466805749,61388.2400616127,61529.6692664505,11781.9546246492,3355.99148855085,0,2490.19718192323,5087.50709368427,9864.78829920722,19524.5991060995,24849.7548574757,24684.1089064408,19200.3292086657,48874.8253224154,61388.2400616126,11671.8615148106,32100.0141673185,44895.8979395363,69272.9221489281,20117.488715608,23446.0397175501,30722.9607606865,35417.175630281,39611.4966028099,43450.0899027007,43974.370898251,67041.2449502776,71180.0617536924,72263.0618999977,72363.079617077,72363.079617077,72545.9203096728,72545.9203096728,77164.5775687967,79354.5025751131,84448.7639769815,84448.7639769815,84548.7573580192,84407.3281531812,84548.7573580192,84731.6223866568,84631.629005619,88284.5715852005,61671.0984712878,72504.5088219141,72304.4733877565,48191.79870026,46909.0308162489,88708.8591997136,84631.629005619,49016.2545272525,49016.2545272525,48716.2013760165,48457.5597125387,48233.2588601009,60481.0829393083,60139.6183003128,59798.1536613172,59456.6890223226,96900.2514022849,83555.2614872929,84503.8057613158,79360.8188345599,73376.4733717421,68772.322506672,84120.9783066445,83313.8145653766,72900.075680813,65763.58606483,74698.9587618093,58666.8173667817,60053.8392808371,65150.8133662545,60039.2598786606,56400.5073245985,57173.8656477289,61005.3882708996,72404.4911048357,61529.6692664505,84448.7639769815,84490.1998007811,95151.0786708102,95251.0963878892,95151.0786708102,94685.3795685389,95292.5078756482,100352.5014746,106088.183322536,113840.903196745,113982.332401583,121366.439182683,95251.0963878892,89449.3725932992,84120.9783066445,52420.4604838287,54310.600035361,72445.9025925944,Inf,84448.7639769815,83924.4829814305,76214.9868450088,72545.9203096728,52320.4427667503,65917.0036685004
