"","W3","W2","W4","W5","W6","W7","W8","W1","rel_warnow"
"1",0,25319.0481959372,759.46373611538,4447.40657817453,4575.76144779663,18507.2619937013,18434.1631038861,33676.0832258617,30432.1423837022
"2",25319.0481959372,0,26021.5017311719,29709.4445732311,29837.7994428532,43769.2999887582,43696.201098943,8357.03502992448,5113.09418776498
"3",759.46373611538,26021.5017311719,0,3687.94284205915,3816.29771168125,17747.7982575859,17674.6993677707,34378.5367610965,31134.5959189369
"4",4447.40657817453,29709.4445732311,3687.94284205915,0,173.110857136261,14111.3338326185,14038.2349428033,38066.4796031557,34822.5387609961
"5",4575.76144779663,29837.7994428532,3816.29771168125,173.110857136261,0,13938.2229754822,13865.124085667,38194.8344727779,34950.8936306183
"6",18507.2619937013,43769.2999887582,17747.7982575859,14111.3338326185,13938.2229754822,0,183.62762625721,52126.3350186829,48882.3941765233
"7",18434.1631038861,43696.201098943,17674.6993677707,14038.2349428033,13865.124085667,183.62762625721,0,52053.2361288677,48809.2952867081
"8",33676.0832258617,8357.03502992448,34378.5367610965,38066.4796031557,38194.8344727779,52126.3350186829,52053.2361288677,0,3262.41247108044
"9",30432.1423837022,5113.09418776498,31134.5959189369,34822.5387609961,34950.8936306183,48882.3941765233,48809.2952867081,3262.41247108044,0
