"","R1","R2","R3","R7","R8","R4","R5","R6","rel_mondego"
"R1",0,25693.8174136345,26488.5874106711,71553.2496610656,74327.9404954186,43640.0568683352,70941.0632781337,71282.5071863901,1622.46242674928
"R2",25693.8174136345,0,794.769997036588,45859.4322474314,48634.1230817845,17946.2394547007,45247.2458644995,45588.6897727559,27316.2798403838
"R3",26488.5874106711,794.769997036588,0,45064.6622503948,47839.3530847479,17151.4694576641,44452.475867463,44793.9197757193,28111.0498374204
"R7",71553.2496610656,45859.4322474314,45064.6622503948,0,2774.69083435306,27913.1927927308,612.186382931872,270.742474675516,73175.7120878148
"R8",74327.9404954186,48634.1230817845,47839.3530847479,2774.69083435306,0,30687.8836270838,3386.87721728493,3045.43330902857,75950.4029221679
"R4",43640.0568683352,17946.2394547007,17151.4694576641,27913.1927927308,30687.8836270838,0,27301.0064097989,27642.4503180553,45262.5192950845
"R5",70941.0632781337,45247.2458644995,44452.475867463,612.186382931872,3386.87721728493,27301.0064097989,0,341.443908256356,72563.525704883
"R6",71282.5071863901,45588.6897727559,44793.9197757193,270.742474675516,3045.43330902857,27642.4503180553,341.443908256356,0,72904.9696131393
"rel_mondego",1622.46242674928,27316.2798403838,28111.0498374204,73175.7120878148,75950.4029221679,45262.5192950845,72563.525704883,72904.9696131393,0
