"","ZS-MERELB-STUWGEUL","ZS-MERELB-TIJARM-SA","ZS-MERELB-STUWGEUL-SASTUW","RV-MERELB-STUWGEUL-SOSTUW","RV-MERELB-SLUIS-SO","BS-ZWIJNA-KANZWIJNA","BS-SEM","s-Wetteren","s-2a","s-Schoonaarde","s-wichelen","s-3","rel_merelbeke","BS-ASP-NSTUW-SA","BS-ASP-SLUIS-SA","BS-ASP-SLUIS-SO","s-Dendermonde2","s-4a","s-4b","s-4c","s-5","s-6","s-8","s-9a","s-9","s-8a","ZS-MERELB-TIJARM-SO","BS-ASP-OSTUW-SA","s-7","s-10a","s-12","ws-53A","me-7-2b","ru-1","bn-Walem","bn-1","bn-2","gn-1","gn-2","BS-ZINGEM","BS-HEURNE","BS-OUD-NSTUW-SA","BS-OUD-VISTRAP-SA","BS-OUD-VISTRAP-MID","BS-OUD-NSTUW-SO","BS-OUD-SLUIS-SO","BS-MELDEN","BS-WORTEGEM","BS-KERKH-SLUIS-SA","BS-KERKH-OSTUW-SA","BS-KERKH-VISTRAP-SA","BS-KERKH-VISTRAP-MID","BS-KERKH-VISTRAP-SO","BS-KERKH-NSTUW-SO","BS-KERKH-SLUIS-SO","BS-AVELG","BS-ASP-NSTUW-SO","BS-OUD-VISTRAP-SO","BS-OUD-SLUIS-SA","RV-ZWIJNA","S-MERELB-SOJACHTH","rel_rone","BS-KERKH-OSTUW-SO","TBR700-000336","rt-mer-300m","rt-mer-600m","rt-mer-900m","rt-mer-1200m","bs-as-rt-300m","bs-as-rt-600m","bs-as-rt-900m","bs-as-rt-1200m","rel_spiere","LE-STELO-SLUIS SA","LE-STELO-SLUIS SO","LE-OLSENE","LE-DEINZE","LE-AST","LE-STELO-VISTRAP-SA","rel_mandel","AKL-NEVELE","KGO-MERENDREE","KGO-AALTER","RV-EVERG-WESTERVAK","RV-EVERG-SLUIS-SA","LE-STMARTLATEM","LE-BAARLE","LE-DRONGEN","BRUGSEV-MARIAKERKE","rel_asper","BS-OUD-OSTUW-SA","BS-ASP-OSTUW-SO","BS-KERKH-NSTUW-SA","rel_weir1_kerkhove","LE-HARELB-VISTRAP-SA","LE-HARELB-VISTRAP-MID","LE-HARELB-STUW-SA","LE-HARELB-SLUIS-SA","LE-HARELB-STUW-SO","LE-KORTRIJK","LE-WEVELG","LE-MENEN-STUW-SA","LE-MENEN-STUW-SO","LE-WERVIK","rel_fish_pass_leie","LE-OOIGEM","LE-STELO-STUW -SA","RV-GENT-MONDTOERLEIE","RV-GENT-MONDOUDELEIE","rel_oudenaarde","BS-ZWALM","rel_weir2_kerkhove","rel_yacht_kerkhove","rel_oude_mandel","BS-OUD-OSTUW-SO","LE-SNEPKAAI","rel_zwalm"
"ZS-MERELB-STUWGEUL",0,1053.47983723261,291.401598965363,582.803197931385,724.214725340251,2286.24067404753,6826.47797255167,8662.76366111937,18968.9120096985,23327.800830175,14187.2635124292,28809.3947179755,241.404908446476,15672.0530986381,15792.7555528617,15934.1670802713,34461.6980136662,43314.3843930588,46649.072716904,48968.1463717901,51552.8876485452,56308.7998512343,65988.6501071233,71312.5279154071,71126.1432771126,65664.4082437963,3201.85997555315,15792.7555528617,58145.0722970276,78491.0627806714,91485.4957855186,115739.570878663,66690.0737137837,70068.267857674,77477.5619398611,82192.0612932876,86465.1666587055,90529.1005710485,90982.6227706087,21524.338190365,25641.8158120786,26724.580618089,26845.2827412436,26774.5769775388,27078.1094366119,27028.1130771621,31625.4586505611,33865.2562743274,38988.305709636,38988.305709636,39067.5900174878,38996.8842537831,39138.2957811925,39250.4196912685,39179.7135964944,42882.146293019,16075.5786076801,26965.9848643973,26836.7051903037,2389.78802639173,1257.02023954475,43285.6714709916,39179.7135964944,3351.84905390157,3351.84905390157,3051.87089720456,2772.60214476255,2569.0637288652,14935.7085063979,14523.6057774862,14232.2051717292,13890.8082065213,51526.2739875764,38757.5752957439,39735.3257896396,34584.4662909884,28517.9821937223,23672.7282607677,39452.5017416132,38545.4583356996,27125.4235629626,19993.9541172293,28928.8848784947,12980.2091739557,14620.0475047034,20034.5028428791,14702.8920741807,10802.5563164218,11937.3882710202,15439.2264032693,26836.7051903037,15934.1670802713,38946.8875632642,39059.0114733402,50381.3928872966,50481.3856061956,50381.3928872966,49936.4489008144,50572.800774155,55690.8243123454,61455.2515181133,69319.5380703264,69460.9495977359,77044.4941474181,50481.3856061956,44680.5744279092,39473.2111458682,6693.65194174649,8654.17319847572,26907.4109540084,Inf,39038.3024001549,38514.0744368894,31489.0988436796,27028.1130771621,6572.94981859214,20350.153250355
"ZS-MERELB-TIJARM-SA",1053.47983723261,0,874.201817273151,953.485131917864,1094.89665932646,1332.75355571427,5872.99085421841,9716.24349835199,20022.3918469311,24381.2806674076,15240.7433496618,29862.8745552081,894.911221528416,14718.5659803049,14839.2684345285,14980.679961938,35515.1778508988,44367.8642302914,47702.5525541366,50021.6262090227,52606.3674857778,57362.279688467,67042.1299443559,72366.0077526398,72179.6231143452,66717.8880810289,2248.37285721988,14839.2684345285,59198.5521342602,79544.542617904,92538.9756227512,116793.050715895,67743.5535510163,71121.7476949066,78531.0417770937,83245.5411305202,87518.6464959381,91582.5804082812,92036.1026078413,20570.8510720318,24688.3286937454,25771.0934997557,25891.7956229103,25821.0898592055,26124.6223182786,26074.6259588288,30671.9715322278,32911.7691559942,38034.8185913028,38034.8185913028,38114.1028991546,38043.3971354499,38184.8086628593,38296.9325729353,38226.2264781612,41928.6591746857,15122.0914893469,26012.497746064,25883.2180719704,2731.18267411428,1598.41488726734,42332.1843526583,38226.2264781612,2398.3619355683,2398.3619355683,2098.3837788713,1819.11502642929,1615.57661053194,13982.2213880647,13570.1186591529,13278.7180533959,12937.3210881881,50572.7868692431,39098.9699434665,40076.7204373621,34925.860938711,28859.3768414449,24014.1229084902,39793.8963893357,38886.8529834221,27466.8182106851,20335.3487649518,29270.2795262173,13321.6038216782,14961.442152426,20375.8974906016,15044.2867219032,11143.9509641443,12278.7829187428,14485.739284936,25883.2180719704,14980.679961938,37993.400444931,38105.5243550069,50722.7875350191,50822.7802539182,50722.7875350191,50277.8435485369,50914.1954218775,56032.2189600679,61796.6461658358,69660.9327180489,69802.3442454584,77385.8887951406,50822.7802539182,45021.9690756317,39814.6057935907,7035.04658946904,8995.56784619828,25953.9238356751,Inf,38084.8152818217,37560.5873185561,31830.4934914021,26074.6259588288,6914.34446631469,19396.6661320218
"ZS-MERELB-STUWGEUL-SASTUW",291.401598965363,874.201817273151,0,291.401598966022,432.813126374888,2084.78066188285,6647.19995259221,8954.16526008474,19260.3136086638,23619.2024291404,14478.6651113946,29100.7963169408,49.9966905189212,15492.7750786787,15613.4775329023,15754.8890603118,34753.0996126316,43605.7859920241,46940.4743158693,49259.5479707555,51844.2892475105,56600.2014501997,66280.0517060886,71603.9295143725,71417.544876078,65955.8098427616,3022.58195559369,15613.4775329023,58436.4738959929,78782.4643796368,91776.897384484,116030.972477628,66981.475312749,70359.6694566394,77768.9635388264,82483.4628922529,86756.5682576708,90820.5021700139,91274.0243695741,21345.0601704056,25462.5377921192,26545.3025981295,26666.0047212841,26595.2989575793,26898.8314166524,26848.8350572026,31446.1806306016,33685.978254368,38809.0276896766,38809.0276896766,38888.3119975284,38817.6062338237,38959.0177612331,39071.1416713091,39000.435576535,42702.8682730595,15896.3005877207,26786.7068444378,26657.4271703442,2098.38642742637,965.618640579391,43106.3934510321,39000.435576535,3172.57103394211,3172.57103394211,2872.5928772451,2593.32412480309,2389.78570890574,14756.4304864385,14344.3277575267,14052.9271517697,13711.5301865619,51346.9959676169,38466.1736967785,39443.9241906742,34293.0646920231,28226.580594757,23381.3266618023,39161.1001426478,38254.0567367342,26834.0219639972,19702.5525182639,28637.4832795294,12688.8075749903,14328.6459057381,19743.1012439137,14411.4904752153,10511.1547174564,11645.9866720548,15259.9483833098,26657.4271703442,15754.8890603118,38767.6095433048,38879.7334533807,50089.9912883312,50189.9840072303,50089.9912883312,49645.047301849,50281.3991751896,55399.42271338,61163.8499191479,69028.136471361,69169.5479987705,76753.0925484527,50189.9840072303,44389.1728289438,39181.8095469028,6402.25034278112,8362.77159951036,26728.1329340489,Inf,38859.0243801955,38334.7964169299,31197.6972447142,26848.8350572026,6281.54821962678,20170.8752303956
"RV-MERELB-STUWGEUL-SOSTUW",582.803197931385,953.485131917864,291.401598966022,0,141.411527408866,1793.37906291683,6550.75822537514,9245.56685905076,19551.7152076298,23910.6040281064,14770.0667103606,29392.1979159068,341.398289484943,15396.3333514616,15517.0358056852,15658.4473330947,35044.5012115976,43897.1875909902,47231.8759148353,49550.9495697215,52135.6908464766,56891.6030491657,66571.4533050547,71895.3311133385,71708.946475044,66247.2114417277,2926.14022837662,15517.0358056852,58727.875494959,79073.8659786028,92068.29898345,116322.374076594,67272.876911715,70651.0710556054,78060.3651377925,82774.8644912189,87047.9698566369,91111.9037689799,91565.4259685401,21248.6184431885,25366.0960649021,26448.8608709124,26569.5629940671,26498.8572303622,26802.3896894354,26752.3933299855,31349.7389033845,33589.5365271509,38712.5859624595,38712.5859624595,38791.8702703113,38721.1645066066,38862.576034016,38974.699944092,38903.9938493179,42606.4265458424,15799.8588605036,26690.2651172207,26560.9854431271,1806.98482846035,674.21704161337,43009.9517238151,38903.9938493179,3076.12930672504,3076.12930672504,2776.15115002803,2496.88239758602,2176.19483663364,14659.9887592214,14247.8860303097,13956.4854245527,13615.0884593448,51250.5542403998,38174.7720978125,39152.5225917082,34001.663093057,27935.178995791,23089.9250628363,38869.6985436818,37962.6551377682,26542.6203650312,19411.1509192979,28346.0816805633,12397.4059760243,14037.244306772,19451.6996449477,14120.0888762493,10219.7531184904,11354.5850730888,15163.5066560927,26560.9854431271,15658.4473330947,38671.1678160877,38783.2917261636,49798.5896893652,49898.5824082643,49798.5896893652,49353.645702883,49989.9975762236,55108.021114414,60872.4483201819,68736.734872395,68878.1463998045,76461.6909494867,49898.5824082643,44097.7712299778,38890.4079479368,6110.8487438151,8071.37000054434,26631.6912068319,Inf,38762.5826529784,38238.3546897128,30906.2956457482,26752.3933299855,5990.14662066076,20074.4335031785
"RV-MERELB-SLUIS-SO",724.214725340251,1094.89665932646,432.813126374888,141.411527408866,0,1651.967535508,6409.34669796631,9386.97838645959,19693.1267350387,24052.0155555152,14911.4782377694,29533.6094433157,482.809816893775,15254.9218240528,15375.6242782764,15517.0358056859,35185.9127390064,44038.599118399,47373.2874422442,49692.3610971303,52277.1023738854,57033.0145765746,66712.8648324635,72036.7426407473,71850.3580024528,66388.6229691365,2784.72870096779,15375.6242782764,58869.2870223678,79215.2775060116,92209.7105108588,116463.785604003,67414.2884391239,70792.4825830142,78201.7766652013,82916.2760186277,87189.3813840457,91253.3152963887,91706.8374959489,21107.2069157797,25224.6845374933,26307.4493435036,26428.1514666582,26357.4457029534,26660.9781620265,26610.9818025767,31208.3273759757,33448.1249997421,38571.1744350507,38571.1744350507,38650.4587429024,38579.7529791978,38721.1645066072,38833.2884166831,38762.5823219091,42465.0150184336,15658.4473330948,26548.8535898119,26419.5739157183,1665.57330105152,532.805514204503,42868.5401964062,38762.5823219091,2934.71777931621,2934.71777931621,2634.7396226192,2355.47087017719,2034.7833092248,14518.5772318126,14106.4745029008,13815.0738971438,13473.676931936,51109.142712991,38033.3605704037,39011.1110642994,33860.2515656482,27793.7674683821,22948.5135354275,38728.287016273,37821.2436103593,26401.2088376224,19269.7393918891,28204.6701531545,12255.9944486154,13895.8327793632,19310.2881175389,13978.6773488404,10078.3415910816,11213.17354568,15022.0951286839,26419.5739157183,15517.0358056859,38529.7562886788,38641.8801987548,49657.1781619563,49757.1708808554,49657.1781619563,49212.2341754741,49848.5860488148,54966.6095870051,60731.036792773,68595.3233449862,68736.7348723957,76320.2794220779,49757.1708808554,43956.359702569,38748.996420528,5969.43721640627,7929.95847313551,26490.279679423,Inf,38621.1711255696,38096.943162304,30764.8841183394,26610.9818025767,5848.73509325193,19933.0219757697
"BS-ZWIJNA-KANZWIJNA",2286.24067404753,1332.75355571427,2084.78066188285,1793.37906291683,1651.967535508,0,4757.37916245886,10949.0043351669,21255.152683746,25614.0415042225,16473.5041864768,31095.635392023,2127.67205834334,13602.9542885453,13723.6567427689,13865.0682701784,36747.9386877137,45600.6250671063,48935.3133909515,51254.3870458376,53839.1283225927,58595.0405252819,68274.8907811708,73598.7685894547,73412.3839511601,67950.6489178438,1132.76116546034,13723.6567427689,60431.3129710751,80777.3034547189,93771.7364595661,118025.81155271,68976.3143878312,72354.5085317215,79763.8026139086,84478.3019673351,88751.407332753,92815.3412450961,93268.8634446562,19455.2393802722,23572.7170019858,24655.4818079962,24776.1839311508,24705.478167446,25009.0106265191,24959.0142670693,29556.3598404683,31796.1574642346,36919.2068995432,36919.2068995432,36998.491207395,36927.7854436903,37069.1969710997,37181.3208811757,37110.6147864016,40813.0474829261,14006.4797975873,24896.8860543045,24767.6063802109,2151.93311642003,1514.10799299029,41216.5726608988,37110.6147864016,1282.75024380876,1282.75024380876,982.772087111751,703.503334669738,382.81577371681,12866.6096963051,12454.5069673934,12163.1063616364,11821.7093964285,49457.1751774836,38519.7203857722,39497.4708796678,34346.6113810167,28280.1272837507,23434.873350796,39214.6468316415,38307.6034257278,26887.5686529909,19756.0992072576,28691.029968523,12742.354263984,14382.1925947317,19796.6479329074,14465.037164209,10564.7014064501,12194.4760244655,13370.1275931764,24767.6063802109,13865.0682701784,36877.7887531714,36989.9126632474,50143.5379773248,50243.5306962239,50143.5379773248,49698.5939908426,50334.9458641832,55452.9694023736,61217.3966081415,69081.6831603547,69223.0946877642,76806.6392374464,50243.5306962239,44442.7195179375,39235.3562358964,6455.79703177478,8416.31828850402,24838.3121439156,Inf,36969.2035900621,36444.9756267966,31251.2439337079,24959.0142670693,6335.09490862044,18281.0544402622
"BS-SEM",6826.47797255167,5872.99085421841,6647.19995259221,6550.75822537514,6409.34669796631,4757.37916245886,0,15489.2416336711,25795.3899822501,30154.2788027266,21013.7414849809,35635.8726905271,6667.90935684747,8904.14969861422,9024.85215283782,9166.26368024735,41288.1759862178,50140.8623656104,53475.5506894556,55794.6243443418,58379.3656210968,63135.277823786,72815.1280796749,78139.0058879588,77952.6212496642,72490.8862163479,3666.03680550851,9024.85215283782,64971.5502695792,85317.540753223,98311.9737580702,122566.048851214,73516.5516863353,76894.7458302256,84304.0399124127,89018.5392658392,93291.6446312571,97355.5785436002,97809.1007431603,14756.4347903412,18873.9124120548,19956.6772180651,20077.3793412197,20006.6735775149,20310.206036588,20260.2096771382,24857.5552505372,27097.3528743036,32220.4023096122,32220.4023096122,32299.686617464,32228.9808537593,32370.3923811687,32482.5162912447,32411.8101964706,36114.2428929951,9307.67520765622,20198.0814643734,20068.8017902798,6909.31227887834,6271.48715544861,36517.7680709678,32411.8101964706,3474.62891865011,3474.62891865011,3774.60707534711,4095.29463629911,4374.56338874205,8167.80510637402,7755.70237746231,7464.30177170529,7122.90480649745,44758.3705875525,43277.0995482305,44254.8500421261,39103.990543475,33037.506446209,28192.2525132543,43972.0259940998,43064.9825881861,31644.9478154492,24513.4783697159,33448.4091309813,17499.7334264423,19139.57175719,24554.0270953657,19222.4163266673,15322.0805689084,16951.8551869238,8671.32300324536,20068.8017902798,9166.26368024735,32178.9841632404,32291.1080733163,54900.9171397831,55000.9098586822,54900.9171397831,54455.9731533009,55092.3250266415,60210.3485648319,65974.7757705998,73839.062322813,73980.4738502225,81564.0183999047,55000.9098586822,49200.0986803957,43992.7353983547,11213.1761942331,13173.6974509623,20139.5075539845,Inf,32270.3990001311,31746.1710368655,36008.6230961662,20260.2096771382,11092.4740710788,13582.2498503311
"s-Wetteren",8662.76366111937,9716.24349835199,8954.16526008474,9245.56685905076,9386.97838645959,10949.0043351669,15489.2416336711,0,10306.1483485791,14665.0371690557,5524.49985130987,20146.6310568562,8904.16856956582,24334.8167597574,24455.519213981,24596.9307413906,25798.9343525469,34651.6207319395,37986.3090557846,40305.3827106708,42890.1239874258,47646.036190115,57325.886446004,62649.764254288,62463.3796159934,57001.644582677,11864.6236366725,24455.519213981,49482.3086359082,69828.2991195523,82822.7321243996,107076.807217544,58027.3100526644,61405.5041965548,68814.798278742,73529.2976321685,77802.4029975864,81866.3369099295,82319.8591094896,30187.1018514843,34304.5794731979,35387.3442792083,35508.0464023629,35437.3406386581,35740.8730977312,35690.8767382814,40288.2223116804,42528.0199354468,47651.0693707554,47651.0693707554,47730.3536786072,47659.6479149025,47801.0594423119,47913.1833523879,47842.4772576138,51544.9099541383,24738.3422687994,35628.7485255166,35499.468851423,11052.5516875111,9919.7839006641,51948.435132111,47842.4772576138,12014.6127150209,12014.6127150209,11714.6345583239,11435.3658058819,11231.8273899846,23598.4721675172,23186.3694386055,22894.9688328485,22553.5718676407,60189.0376486957,47420.3389568633,48398.0894507589,43247.2299521078,37180.7458548417,32335.491921887,48115.2654027326,47208.2219968189,35788.1872240819,28656.7177783486,37591.648539614,21642.972835075,23282.8111658227,28697.2665039984,23365.6557353,19465.3199775411,20600.1519321395,24101.9900643886,35499.468851423,24596.9307413906,47609.6512243836,47721.7751344595,59044.1565484159,59144.149267315,59044.1565484159,58599.2125619337,59235.5644352743,64353.5879734647,70118.0151792325,77982.3017314455,78123.713258855,85707.2578085372,59144.149267315,53343.3380890285,48135.9748069875,15356.4156028659,17316.9368595951,35570.1746151277,Inf,47701.0660612743,47176.8380980087,40151.8625047989,35690.8767382814,15235.7134797115,29012.9169114743
"s-2a",18968.9120096985,20022.3918469311,19260.3136086638,19551.7152076298,19693.1267350387,21255.152683746,25795.3899822501,10306.1483485791,0,4417.46339300413,4781.64849726932,9899.05728080466,19210.3169181449,34640.9651083364,34761.66756256,34903.0790899695,15551.3605764954,24404.046955888,27738.7352797331,30057.8089346192,32642.5502113743,37398.4624140634,47078.3126699524,52402.1904782364,52215.8058399419,46754.0708066254,22170.7719852516,34761.66756256,39234.7348598567,59580.7253435009,72575.1583483483,96829.2334414923,47779.7362766128,51157.9304205032,58567.2245026906,63281.7238561172,67554.8292215352,71618.7631338782,72072.2853334384,40493.2502000634,44610.727821777,45693.4926277874,45814.194750942,45743.4889872372,46047.0214463103,45997.0250868605,50594.3706602595,52834.1682840259,57957.2177193345,57957.2177193345,58036.5020271863,57965.7962634816,58107.207790891,58219.331700967,58148.6256061929,61851.0583027174,35044.4906173784,45934.8968740957,45805.6172000021,21358.7000360902,20225.9322492432,62254.5834806901,58148.6256061929,22320.7610636,22320.7610636,22020.782906903,21741.514154461,21537.9757385636,33904.6205160962,33492.5177871845,33201.1171814275,32859.7202162197,70495.1859972747,57726.4873054424,58704.237799338,53553.3783006869,47486.8942034208,42641.6402704661,58421.4137513116,57514.370345398,46094.335572661,38962.8661269276,47897.7968881931,31949.121183654,33588.9595144017,39003.4148525774,33671.804083879,29771.4683261201,30906.3002807185,34408.1384129676,45805.6172000021,34903.0790899695,57915.7995729627,58027.9234830386,69350.3048969949,69450.297615894,69350.3048969949,68905.3609105127,69541.7127838533,74659.7363220435,80424.1635278112,88288.4500800243,88429.8616074338,96013.406157116,69450.297615894,63649.4864376076,58442.1231555666,25662.5639514449,27623.0852081741,45876.3229637068,Inf,58007.2144098534,57482.9864465878,50458.010853378,45997.0250868605,25541.8618282905,39319.0652600533
"s-Schoonaarde",23327.800830175,24381.2806674076,23619.2024291404,23910.6040281064,24052.0155555152,25614.0415042225,30154.2788027266,14665.0371690557,4417.46339300413,0,9140.5373177459,5481.59388780056,23569.2057386215,38999.853928813,39120.5563830366,39261.9679104461,11133.8971834913,19986.5835628839,23321.271886729,25640.3455416152,28225.0868183702,32980.9990210593,42660.8492769483,47984.7270852323,47798.3424469378,42336.6074136213,26529.6608057281,39120.5563830366,34817.2714668526,55163.2619504968,68157.6949553443,92411.7700484883,43362.2728836087,46740.4670274991,54149.7611096865,58864.2604631131,63137.3658285311,67201.2997408742,67654.8219404343,44852.1390205399,48969.6166422536,50052.381448264,50173.0835714186,50102.3778077138,50405.9102667869,50355.9139073371,54953.2594807361,57193.0571045024,62316.1065398111,62316.1065398111,62395.3908476628,62324.6850839582,62466.0966113676,62578.2205214435,62507.5144266695,66209.947123194,39403.379437855,50293.7856945722,50164.5060204787,25717.5888565667,24584.8210697197,66613.4723011666,62507.5144266695,26679.6498840765,26679.6498840765,26379.6717273795,26100.4029749375,25896.8645590402,38263.5093365728,37851.4066076611,37560.0060019041,37218.6090366962,74854.0748177512,62085.3761259189,63063.1266198146,57912.2671211635,51845.7830238973,47000.5290909426,62780.3025717882,61873.2591658746,50453.2243931376,43321.7549474042,52256.6857086697,36308.0100041305,37947.8483348783,43362.303673054,38030.6929043555,34130.3571465967,35265.1891011951,38767.0272334441,50164.5060204787,39261.9679104461,62274.6883934392,62386.8123035152,73709.1937174714,73809.1864363705,73709.1937174714,73264.2497309892,73900.6016043298,79018.62514252,84783.0523482877,92647.3389005007,92788.7504279103,100372.294977592,73809.1864363705,68008.3752580842,62801.0119760432,30021.4527719214,31981.9740286506,50235.2117841834,Inf,62366.10323033,61841.8752670644,54816.8996738546,50355.9139073371,29900.7506487671,43677.9540805299
"s-wichelen",14187.2635124292,15240.7433496618,14478.6651113946,14770.0667103606,14911.4782377694,16473.5041864768,21013.7414849809,5524.49985130987,4781.64849726932,9140.5373177459,0,14622.1312055464,14428.6684208757,29859.3166110672,29980.0190652908,30121.4305927003,20274.4345012372,29127.1208806297,32461.8092044748,34780.882859361,37365.624136116,42121.5363388052,51801.3865946941,57125.2644029781,56938.8797646836,51477.1447313671,17389.1234879824,29980.0190652908,43957.8087845984,64303.7992682427,77298.2322730899,101552.307366234,52502.8102013545,55881.004345245,63290.2984274323,68004.7977808588,72277.9031462768,76341.8370586198,76795.35925818,35711.6017027941,39829.0793245078,40911.8441305181,41032.5462536728,40961.840489968,41265.3729490411,41215.3765895913,45812.7221629903,48052.5197867566,53175.5692220653,53175.5692220653,53254.853529917,53184.1477662124,53325.5592936218,53437.6832036977,53366.9771089237,57069.4098054482,30262.8421201092,41153.2483768264,41023.9687027329,16577.051538821,15444.2837519739,57472.9349834208,53366.9771089237,17539.1125663308,17539.1125663308,17239.1344096338,16959.8656571918,16756.3272412944,29122.972018827,28710.8692899153,28419.4686841583,28078.0717189504,65713.5375000056,52944.8388081731,53922.5893020688,48771.7298034176,42705.2457061515,37859.9917731968,53639.7652540424,52732.7218481288,41312.6870753918,34181.2176296584,43116.1483909239,27167.4726863848,28807.3110171325,34221.7663553082,28890.1555866097,24989.8198288509,26124.6517834493,29626.4899156983,41023.9687027329,30121.4305927003,53134.1510756934,53246.2749857694,64568.6563997258,64668.6491186249,64568.6563997258,64123.7124132436,64760.0642865842,69878.0878247744,75642.5150305421,83506.8015827551,83648.2131101647,91231.7576598468,64668.6491186249,58867.8379403384,53660.4746582974,20880.9154541757,22841.4367109049,41094.6744664376,Inf,53225.5659125841,52701.3379493186,45676.3623561088,41215.3765895913,20760.2133310213,34537.4167627841
"s-3",28809.3947179755,29862.8745552081,29100.7963169408,29392.1979159068,29533.6094433157,31095.635392023,35635.8726905271,20146.6310568562,9899.05728080466,5481.59388780056,14622.1312055464,0,29050.7996264219,44481.4478166135,44602.1502708371,44743.5617982466,5681.59058195465,14534.2769613472,17868.9652851924,20188.0389400785,22772.7802168336,27528.6924195227,37208.5426754117,42532.4204836957,42346.0358454011,36884.3008120847,32011.2546935286,44602.1502708371,29364.964865316,49710.9553489602,62705.3883538077,86959.4634469517,37909.9662820721,41288.1604259625,48697.4545081498,53411.9538615764,57685.0592269945,61748.9931393376,62202.5153388978,50333.7329083404,54451.2105300541,55533.9753360644,55654.6774592191,55583.9716955143,55887.5041545874,55837.5077951376,60434.8533685366,62674.6509923029,67797.7004276116,67797.7004276116,67876.9847354633,67806.2789717586,67947.6904991681,68059.814409244,67989.10831447,71691.5410109944,44884.9733256555,55775.3795823727,55646.0999082792,31199.1827443672,30066.4149575202,72095.066188967,67989.10831447,32161.243771877,32161.243771877,31861.26561518,31581.996862738,31378.4584468407,43745.1032243733,43333.0004954616,43041.5998897046,42700.2029244967,80335.6687055516,67566.9700137194,68544.7205076151,63393.8610089639,57327.3769116978,52482.1229787431,68261.8964595887,67354.8530536751,55934.8182809381,48803.3488352047,57738.2795964702,41789.603891931,43429.4422226788,48843.8975608545,43512.286792156,39611.9510343972,40746.7829889956,44248.6211212446,55646.0999082792,44743.5617982466,67756.2822812397,67868.4061913157,79190.7876052718,79290.7803241709,79190.7876052718,78745.8436187896,79382.1954921302,84500.2190303204,90264.6462360881,98128.9327883011,98270.3443157107,105853.888865393,79290.7803241709,73489.9691458846,68282.6058638437,35503.0466597219,37463.5679164511,55716.8056719839,Inf,67847.6971181305,67323.4691548649,60298.4935616551,55837.5077951376,35382.3445365676,49159.5479683304
"rel_merelbeke",241.404908446476,894.911221528416,49.9966905189212,341.398289484943,482.809816893775,2127.67205834334,6667.90935684747,8904.16856956582,19210.3169181449,23569.2057386215,14428.6684208757,29050.7996264219,0,15513.4844829339,15634.1869371575,15775.5984645671,34703.1029221126,43555.7893015052,46890.4776253504,49209.5512802366,51794.2925569916,56550.2047596808,66230.0550155697,71553.9328238536,71367.5481855591,65905.8131522427,3043.29135984895,15634.1869371575,58386.477205474,78732.4676891179,91726.9006939651,115980.975787109,66931.4786222301,70309.6727661205,77718.9668483075,82433.466201734,86706.5715671519,90770.505479495,91224.0276790551,21365.7695746608,25483.2471963744,26566.0120023848,26686.7141255394,26616.0083618346,26919.5408209077,26869.5444614579,31466.8900348569,33706.6876586232,38829.7370939318,38829.7370939318,38909.0214017836,38838.3156380789,38979.7271654884,39091.8510755643,39021.1449807903,42723.5776773148,15917.0099919759,26807.4162486931,26678.1365745995,2148.38311794529,1015.61533109828,43127.1028552874,39021.1449807903,3193.28043819737,3193.28043819737,2893.30228150037,2614.03352905835,2410.495113161,14777.1398906937,14365.037161782,14073.636556025,13732.2395908172,51367.7053718722,38516.1703872975,39493.9208811931,34343.061382542,28276.5772852759,23431.3233523212,39211.0968331668,38304.0534272531,26884.0186545161,19752.5492087829,28687.4799700483,12738.8042655092,14378.642596257,19793.0979344327,14461.4871657342,10561.1514079753,11695.9833625737,15280.6577875651,26678.1365745995,15775.5984645671,38788.31894756,38900.442857636,50139.9879788501,50239.9806977492,50139.9879788501,49695.0439923679,50331.3958657085,55449.4194038989,61213.8466096668,69078.1331618799,69219.5446892895,76803.0892389716,50239.9806977492,44439.1695194627,39231.8062374217,6452.24703330005,8412.76829002928,26748.8423383042,Inf,38879.7337844507,38355.5058211852,31247.6939352332,26869.5444614579,6331.5449101457,20191.5846346508
"BS-ASP-NSTUW-SA",15672.0530986381,14718.5659803049,15492.7750786787,15396.3333514616,15254.9218240528,13602.9542885453,8904.14969861422,24334.8167597574,34640.9651083364,38999.853928813,29859.3166110672,44481.4478166135,15513.4844829339,0,120.702454223608,262.113981633133,50133.7511123042,58986.4374916968,62321.125815542,64640.1994704282,67224.9407471832,71980.8529498723,81660.7032057612,86984.5810140451,86798.1963757506,81336.4613424342,12511.6119315949,120.702454223608,73817.1253956655,94163.1158793093,107157.548884157,131411.623977301,82362.1268124216,85740.320956312,93149.615038499,97864.1143919255,102137.219757343,106201.153669686,106654.675869247,5852.28509172693,9969.76271344056,11052.5275194509,11173.2296426055,11102.5238789007,11406.0563379738,11356.059978524,15953.405551923,18193.2031756894,23316.252610998,23316.252610998,23395.5369188498,23324.8311551451,23466.2426825545,23578.3665926305,23507.6604978564,27210.0931943809,403.525509042,11293.9317657592,11164.6520916656,15754.8874049648,15117.062281535,27613.6183723536,23507.6604978564,12320.2040447365,12320.2040447365,12620.1822014335,12940.8697623855,13220.1385148285,736.344592240195,1148.44732115191,1439.84792690892,1781.24489211676,35854.2208889383,52122.6746743169,53100.4251682125,47949.5656695614,41883.0815722954,37037.8276393407,52817.6011201862,51910.5577142725,40490.5229415356,33359.0534958023,42293.9842570677,26345.3085525287,27985.1468832764,33399.6022214521,28067.9914527536,24167.6556949948,25797.4303130102,262.113981632475,11164.6520916656,262.113981633133,23274.8344646262,23386.9583747022,63746.4922658695,63846.4849847686,63746.4922658695,63301.5482793873,63937.9001527279,69055.9236909183,74820.3508966861,82684.6374488993,82826.0489763088,90409.593525991,63846.4849847686,58045.6738064821,52838.3105244411,20058.7513203195,22019.2725770488,11235.3578553703,Inf,23366.2493015169,22842.0213382513,44854.1982222526,11356.059978524,19938.0491971652,4678.10015171692
"BS-ASP-SLUIS-SA",15792.7555528617,14839.2684345285,15613.4775329023,15517.0358056852,15375.6242782764,13723.6567427689,9024.85215283782,24455.519213981,34761.66756256,39120.5563830366,29980.0190652908,44602.1502708371,15634.1869371575,120.702454223608,0,141.411527409525,50254.4535665278,59107.1399459204,62441.8282697656,64760.9019246518,67345.6432014068,72101.5554040959,81781.4056599848,87105.2834682687,86918.8988299742,81457.1637966578,12632.3143858186,0,73937.8278498891,94283.818333533,107278.25133838,131532.326431524,82482.8292666452,85861.0234105356,93270.3174927226,97984.8168461491,102257.922211567,106321.85612391,106775.37832347,5731.58263750332,9849.06025921695,10931.8250652273,11052.5271883819,10981.8214246771,11285.3538837502,11235.3575243004,15832.7030976994,18072.5007214658,23195.5501567744,23195.5501567744,23274.8344646262,23204.1287009215,23345.5402283309,23457.6641384069,23386.9580436328,27089.3907401573,282.823054818391,11173.2293115356,11043.949637442,15875.5898591884,15237.7647357587,27492.91591813,23386.9580436328,12440.9064989601,12440.9064989601,12740.8846556572,13061.5722166092,13340.8409690521,857.047046463804,1269.14977537551,1560.55038113253,1901.94734634037,35733.5184347147,52243.3771285405,53221.1276224361,48070.268123785,42003.784026519,37158.5300935643,52938.3035744098,52031.2601684961,40611.2253957592,33479.7559500259,42414.6867112913,26466.0110067523,28105.8493375,33520.3046756757,28188.6939069772,24288.3581492184,25918.1327672338,382.816435856083,11043.949637442,141.411527409525,23154.1320104026,23266.2559204786,63867.1947200931,63967.1874389922,63867.1947200931,63422.2507336109,64058.6026069515,69176.6261451419,74941.0533509097,82805.3399031229,82946.7514305324,90530.2959802146,63967.1874389922,58166.3762607058,52959.0129786647,20179.4537745431,22139.9750312724,11114.6554011467,Inf,23245.5468472933,22721.3188840277,44974.9006764762,11235.3575243004,20058.7516513888,4557.39769749331
"BS-ASP-SLUIS-SO",15934.1670802713,14980.679961938,15754.8890603118,15658.4473330947,15517.0358056859,13865.0682701784,9166.26368024735,24596.9307413906,34903.0790899695,39261.9679104461,30121.4305927003,44743.5617982466,15775.5984645671,262.113981633133,141.411527409525,0,50395.8650939374,59248.5514733299,62583.2397971751,64902.3134520613,67487.0547288163,72242.9669315054,81922.8171873944,87246.6949956782,87060.3103573837,81598.5753240674,12773.7259132281,141.411527409525,74079.2393772987,94425.2298609425,107419.66286579,131673.737958934,82624.2407940547,86002.4349379451,93411.7290201321,98126.2283735586,102399.333738977,106463.26765132,106916.78985088,5590.1711100938,9707.64873180742,10790.4135378178,10911.1156609724,10840.4098972676,11143.9423563407,11093.9459968909,15691.2915702899,17931.0891940563,23054.1386293649,23054.1386293649,23133.4229372167,23062.717173512,23204.1287009214,23316.2526109974,23245.5465162233,26947.9792127478,141.411527408866,11031.8177841261,10902.5381100325,16017.0013865979,15379.1762631682,27351.5043907204,23245.5465162233,12582.3180263697,12582.3180263697,12882.2961830667,13202.9837440187,13482.2524964616,998.458573873329,1410.56130278504,1701.96190854205,2043.35887374989,35592.1069073052,52384.78865595,53362.5391498457,48211.6796511945,42145.1955539285,37299.9416209738,53079.7151018193,52172.6716959057,40752.6369231687,33621.1674774354,42556.0982387008,26607.4225341618,28247.2608649095,33661.7162030852,28330.1054343868,24429.7696766279,26059.5442946433,524.227963265608,10902.5381100325,0,23012.7204829931,23124.844393069,64008.6062475027,64108.5989664017,64008.6062475027,63563.6622610204,64200.0141343611,69318.0376725514,75082.4648783193,82946.7514305324,83088.162957942,90671.7075076241,64108.5989664017,58307.7877881153,53100.4245060743,20320.8653019527,22281.3865586819,10973.2438737372,Inf,23104.1353198838,22579.9073566182,45116.3122038857,11093.9459968909,20200.1631787983,4415.98617008379
"s-Dendermonde2",34461.6980136662,35515.1778508988,34753.0996126316,35044.5012115976,35185.9127390064,36747.9386877137,41288.1759862178,25798.9343525469,15551.3605764954,11133.8971834913,20274.4345012372,5681.59058195465,34703.1029221126,50133.7511123042,50254.4535665278,50395.8650939374,0,8852.68637939258,12187.3747032377,14506.4483581239,17091.189634879,21847.1018375681,31526.9520934571,36850.829901741,36664.4452634465,31202.7102301301,37663.5579892194,50254.4535665278,23683.3742833614,44029.3647670056,57023.7977718531,81277.8728649972,32228.3757001174,35606.5698440079,43015.8639261952,47730.3632796218,52003.4686450399,56067.402557383,56520.9247569431,55986.0362040312,60103.5138257448,61186.2786317552,61306.9807549098,61236.274991205,61539.8074502781,61489.8110908283,66087.1566642273,68326.9542879936,73450.0037233022,73450.0037233022,73529.288031154,73458.5822674493,73599.9937948587,73712.1177049347,73641.4116101606,77343.844306685,50537.2766213462,61427.6828780635,61298.4032039699,36851.4860400579,35718.7182532109,77747.3694846577,73641.4116101606,37813.5470675678,37813.5470675678,37513.5689108708,37234.3001584288,37030.7617425314,49397.406520064,48985.3037911523,48693.9031853953,48352.5062201875,85987.9720012423,73219.2733094101,74197.0238033058,69046.1643046546,62979.6802073886,58134.4262744339,73914.1997552794,73007.1563493658,61587.1215766288,54455.6521308954,63390.5828921609,47441.9071876218,49081.7455183695,54496.2008565452,49164.5900878468,45264.2543300879,46399.0862846863,49900.9244169354,61298.4032039699,50395.8650939374,73408.5855769304,73520.7094870064,84843.0909009625,84943.0836198616,84843.0909009625,84398.1469144803,85034.4987878209,90152.5223260111,95916.9495317788,103781.236083992,103922.647611401,111506.192161084,84943.0836198616,79142.2724415752,73934.9091595344,41155.3499554127,43115.8712121419,61369.1089676746,Inf,73500.0004138211,72975.7724505556,65950.7968573458,61489.8110908283,41034.6478322583,54811.8512640211
"s-4a",43314.3843930588,44367.8642302914,43605.7859920241,43897.1875909902,44038.599118399,45600.6250671063,50140.8623656104,34651.6207319395,24404.046955888,19986.5835628839,29127.1208806297,14534.2769613472,43555.7893015052,58986.4374916968,59107.1399459204,59248.5514733299,8852.68637939258,0,3376.10647021559,5695.18012510175,8279.92140185683,13035.833604546,22715.683860435,28039.5616687189,27853.1770304244,22391.441997108,46516.2443686119,59107.1399459204,14872.1060503393,35218.0965339835,48212.529538831,72466.6046319751,23417.1074670954,26795.3016109858,34204.5956931731,38919.0950465997,43192.2004120177,47256.1343243609,47709.656523921,64838.7225834237,68956.2002051374,70038.9650111477,70159.6671343023,70088.9613705975,70392.4938296706,70342.4974702208,74939.8430436198,77179.6406673861,82302.6901026947,82302.6901026947,82381.9744105465,82311.2686468418,82452.6801742512,82564.8040843272,82494.0979895531,86196.5306860775,59389.9630007388,70280.369257456,70151.0895833624,45704.1724194505,44571.4046326035,86600.0558640501,82494.0979895531,46666.2334469603,46666.2334469603,46366.2552902633,46086.9865378213,45883.4481219239,58250.0928994566,57837.9901705449,57546.5895647879,57205.19259958,94840.6583806347,82071.9596888026,83049.7101826982,77898.8506840471,71832.3665867811,66987.1126538264,82766.8861346718,81859.8427287582,70439.8079560213,63308.338510288,72243.2692715535,56294.5935670143,57934.4318977621,63348.8872359378,58017.2764672393,54116.9407094805,55251.7726640788,58753.6107963279,70151.0895833624,59248.5514733299,82261.2719563229,82373.3958663988,93695.777280355,93795.769999254,93695.777280355,93250.8332938728,93887.1851672134,99005.2087054036,104769.635911171,112633.922463384,112775.333990794,120358.878540476,93795.769999254,87994.9588209677,82787.5955389268,50008.0363348052,51968.5575915344,70221.7953470671,Inf,82352.6867932136,81828.458829948,74803.4832367383,70342.4974702208,49887.3342116509,63664.5376434137
"s-4b",46649.072716904,47702.5525541366,46940.4743158693,47231.8759148353,47373.2874422442,48935.3133909515,53475.5506894556,37986.3090557846,27738.7352797331,23321.271886729,32461.8092044748,17868.9652851924,46890.4776253504,62321.125815542,62441.8282697656,62583.2397971751,12187.3747032377,3376.10647021559,0,2589.76651173526,5174.50778849034,9930.41999117949,19610.2702470685,24934.1480553524,24747.7634170579,19286.0283837415,49850.932692457,62441.8282697655,11766.6924369728,32112.682920617,45107.1159254645,69361.1910186087,20311.6938537289,23689.8879976193,31099.1820798066,35813.6814332332,40086.7867986513,44150.7207109944,44604.2429105546,68173.4109072689,72290.8885289825,73373.6533349929,73494.3554581475,73423.6496944427,73727.1821535158,73677.185794066,78274.5313674649,80514.3289912312,85637.3784265398,85637.3784265398,85716.6627343916,85645.9569706869,85787.3684980963,85899.4924081723,85828.7863133982,89531.2190099226,62724.6513245839,73615.0575813012,73485.7779072076,49038.8607432956,47906.0929564486,89934.7441878953,85828.7863133982,50000.9217708054,50000.9217708054,49700.9436141084,49421.6748616664,49218.1364457691,61584.7812233017,61172.67849439,60881.277888633,60539.8809234251,98175.3467044799,85406.6480126477,86384.3985065434,81233.5390078922,75167.0549106262,70321.8009776716,86101.574458517,85194.5310526034,73774.4962798665,66643.0268341331,75577.9575953986,59629.2818908594,61269.1202216072,66683.5755597829,61351.9647910844,57451.6290333256,58586.460987924,62088.299120173,73485.7779072076,62583.239797175,85595.960280168,85708.084190244,97030.4656042001,97130.4583230992,97030.4656042001,96585.5216177179,97221.8734910585,102339.897029249,108104.324235016,115968.610787229,116110.022314639,123693.566864321,97130.4583230992,91329.6471448128,86122.283862772,53342.7246586503,55303.2459153795,73556.4836709123,Inf,85687.3751170587,85163.1471537932,78138.1715605834,73677.185794066,53222.022535496,66999.2259672588
