"","W5","W6","W2","W7","W8","W3","W4","W1","rel_warnow"
"W5",0,173.040904901205,29515.2324211054,14116.1180310491,14044.1296045362,4450.25858673983,3689.2950857535,37513.2907047663,34269.4109744913
"W6",173.040904901205,0,29643.8830311065,13943.0771261479,13871.088699635,4578.90919674091,3817.94569575458,37641.9413147674,34398.0615844924
"W2",29515.2324211054,29643.8830311065,0,43580.2898326333,43508.3014061204,25121.8624570156,25825.9373353519,8238.75579765505,4994.87606738016
"W7",14116.1180310491,13943.0771261479,43580.2898326333,0,182.621372868039,18515.3159982675,17754.3524972812,51578.348116294,48334.468386019
"W8",14044.1296045362,13871.088699635,43508.3014061204,182.621372868039,0,18443.3275717546,17682.3640707683,51506.3596897811,48262.4799595061
"W3",4450.25858673983,4578.90919674091,25121.8624570156,18515.3159982675,18443.3275717546,0,760.963500986341,33119.9207406765,29876.0410104015
"W4",3689.2950857535,3817.94569575458,25825.9373353519,17754.3524972812,17682.3640707683,760.963500986341,0,33823.9956190128,30580.1158887378
"W1",37513.2907047663,37641.9413147674,8238.75579765505,51578.348116294,51506.3596897811,33119.9207406765,33823.9956190128,0,3262.20348900718
"rel_warnow",34269.4109744913,34398.0615844924,4994.87606738016,48334.468386019,48262.4799595061,29876.0410104015,30580.1158887378,3262.20348900718,0
