"","gn-14","gn-13","gn-11","gn-10","gn-9","gn-7","gn-6","gn-5","gn-4","gn-3","gn-2","gn-1","bn-3","bn-2","bn-1","bn-Walem","ru-1","me-7-2b","s-9a","s-10a","ak-41","s-12","ws-53A","ws-borssele","ws-WN2","rel_grotenete1","s-8","s-8a","s-9","s-STD3","ws-42A","ws-HW6","ws-18","ws-16","ws-12A","ws-15","ws-6","s-7","s-6","ws-55","ws-13","s-11","ws-PVTSS","ws-4","gn-8","ws-F42","ws-OGDL","ws-OG10","ws-11","ws-15A","ws-A1","ws-W7","ws-A3","ws-2C","s-4c","s-4b","s-4a","s-5","ws-25A","ws-TRAWL","ws-F53","ws-12","ws-14","ws-A5","ws-STEEN","ws-25B","ws-23","ws-PPC","rel_grotenete3","ws-DL12","rel_grotenete2","ws-DL7","ws-25","ws-53"
"gn-14",0,2389.9443200896,6586.91243376835,7693.97448529044,10549.4993486042,20308.8031272686,23605.7581383814,30289.7243428139,34735.1172810679,38839.1057517721,40977.5160660513,41401.7691824748,43167.3928760361,45240.1154232121,49534.1050083432,54128.0505121788,61553.2251374489,64998.6842653258,77506.9337527606,84973.6618993158,85115.0796047901,99527.043290344,124636.91354363,150210.858381889,166726.886760869,1048.50914452691,71858.3576395621,71558.3532720402,77265.5145914458,103382.663460094,124875.449618192,125913.932741057,142004.24205228,143114.179115753,144758.372548742,147763.924003773,147371.08533973,73958.1378933246,75906.5713175857,124122.676918227,148716.683465814,99568.4676147806,148368.144138157,147761.048991823,15370.5781439334,125024.002183775,164884.091402011,165639.74718873,149023.798469035,147353.940607565,147326.786003344,166398.367177326,146816.809226098,148472.397367352,83714.7281560993,86304.6511634614,89643.0870226313,81059.1335312412,144238.38589944,166682.587424482,125185.439633363,145509.7604125,143965.560360548,146348.256773288,165764.117426771,143087.024511531,145514.020260658,147196.763006134,99.9933810378425,165766.887099186,241.419161315003,167915.307285522,144738.352804628,124985.452871287
"gn-13",2389.9443200896,0,4338.37774435009,5445.43979587217,8300.9646591859,18060.2684378504,21357.2234489631,28041.1896533957,32486.5825916496,36590.5710623538,38728.981376633,39153.2344930565,40918.8581866178,42991.5807337938,47285.5703189249,51879.5158227605,59304.6904480306,62750.1495759075,75258.3990633423,82725.1272098976,82866.5449153719,97278.5086009258,122388.378854212,147962.323692471,164478.352071451,3438.45346461651,69609.8229501439,69309.8185826219,75016.9799020275,101134.128770676,122626.914928774,123665.398051638,139755.707362862,140865.644426334,142509.837859324,145515.389314355,145122.550650311,71709.6032039064,73658.0366281674,121874.142228809,146468.148776396,97319.9329253623,146119.609448738,145512.514302405,13122.0434545151,122775.467494356,162635.556712593,163391.212499312,146775.263779616,145105.405918147,145078.251313925,164149.832487908,144568.274536679,146223.862677934,81466.193466681,84056.1164740431,87394.5523332131,78810.5988418229,141989.851210021,164434.052735064,122936.904943945,143261.225723082,141717.025671129,144099.72208387,163515.582737353,140838.489822112,143265.48557124,144948.228316716,2431.3605697233,163518.352409768,2631.36348140461,165666.772596103,142489.81811521,122736.918181869
"gn-11",6586.91243376835,4338.37774435009,0,1107.06205152208,3962.58691483582,13721.8906935003,17018.845704613,23702.8119090456,28148.2048472996,32252.1933180037,34390.6036322829,34814.8567487064,36580.4804422677,38653.2029894437,42947.1925745748,47541.1380784104,54966.3127036805,58411.7718315574,70920.0213189923,78386.7494655475,78528.1671710218,92940.1308565757,118050.001109862,143623.945948121,160139.974327101,7635.42157829526,65271.4452057938,64971.4408382719,70678.6021576775,96795.751026326,118288.537184424,119327.020307288,135417.329618512,136527.266681984,138171.460114974,141177.011570005,140784.172905961,67371.2254595563,69319.6588838173,117535.764484459,142129.771032046,92981.5551810123,141781.231704388,141174.136558055,8783.665710165,118437.089750006,158297.178968243,159052.834754961,142436.886035266,140767.028173797,140739.873569575,159811.454743558,140229.896792329,141885.484933584,77127.815722331,79717.7387296931,83056.174588863,74472.2210974729,137651.473465671,160095.674990714,118598.527199595,138922.847978732,137378.647926779,139761.34433952,159177.204993003,136500.112077762,138927.10782689,140609.850572366,6628.32868340205,159179.974665417,6828.33159508335,161328.394851753,138151.44037086,118398.540437519
"gn-10",7693.97448529044,5445.43979587217,1107.06205152208,0,2855.52486331373,12614.8286419782,15911.783653091,22595.7498575235,27041.1427957775,31145.1312664817,33283.5415807608,33707.7946971843,35473.4183907456,37546.1409379216,41840.1305230527,46434.0760268883,53859.2506521584,57304.7097800353,69812.9592674702,77279.6874140255,77421.1051194997,91833.0688050536,116942.93905834,142516.883896599,159032.912275578,8742.48362981734,64164.3831542717,63864.3787867498,69571.5401061554,95688.688974804,117181.475132902,118219.958255766,134310.26756699,135420.204630462,137064.398063452,140069.949518483,139677.110854439,66264.1634080343,68212.5968322953,116428.702432937,141022.708980524,91874.4931294902,140674.169652866,140067.074506533,7676.60365864291,117330.027698484,157190.11691672,157945.772703439,141329.823983744,139659.966122275,139632.811518053,158704.392692036,139122.834740807,140778.422882062,76020.7536708089,78610.676678171,81949.112537341,73365.1590459508,136544.411414149,158988.612939192,117491.465148073,137815.78592721,136271.585875257,138654.282287998,158070.142941481,135393.05002624,137820.045775368,139502.788520844,7735.39073492413,158072.912613895,7935.39364660544,160221.332800231,137044.378319338,117291.478385997
"gn-9",10549.4993486042,8300.9646591859,3962.58691483582,2855.52486331373,0,9817.88091006855,13114.8359211813,19798.8021256139,24244.1950638679,28348.183534572,30486.5938488512,30910.8469652747,32676.470658836,34749.193206012,39043.1827911431,43637.1282949787,51062.3029202488,54507.7620481257,67016.0115355606,74482.7396821159,74624.1573875902,89036.1210731441,114145.991326431,139719.936164689,156235.964543669,11598.0084931311,61367.4354223621,61067.4310548401,66774.5923742458,92891.7412428944,114384.527400992,115423.010523857,131513.31983508,132623.256898553,134267.450331542,137273.001786573,136880.16312253,63467.2156761246,65415.6491003857,113631.754701027,138225.761248614,89077.5453975806,137877.221920957,137270.126774623,4879.6559267333,114533.079966575,154393.169184811,155148.82497153,138532.876251835,136863.018390365,136835.863786144,155907.444960126,136325.887008897,137981.475150152,73223.8059388993,75813.7289462614,79152.1648054314,70568.2113140412,133747.463682239,156191.665207282,114694.517416163,135018.8381953,133474.638143347,135857.334556088,155273.195209571,132596.102294331,135023.098043458,136705.840788934,10590.9155982379,155275.964881986,10790.9185099192,157424.385068322,134247.430587428,114494.530654088
"gn-7",20308.8031272686,18060.2684378504,13721.8906935003,12614.8286419782,9817.88091006855,0,3296.95501111277,9980.92121554535,14426.3141537993,18530.3026245035,20668.7129387827,21092.9660552061,22858.5897487674,24931.3122959434,29225.3018810745,33819.2473849101,41244.4220101802,44689.8811380571,57198.130625492,64664.8587720474,64806.2764775217,79218.2401630756,104328.110416362,129902.055254621,146418.0836336,21357.3122717955,51549.5545122935,51249.5501447715,56956.7114641772,83073.8603328259,104566.646490924,105605.129613788,121695.438925012,122805.375988484,124449.569421474,127455.120876505,127062.282212461,53649.334766056,55597.7681903171,103813.873790959,128407.880338545,79259.6644875121,128059.341010888,127452.245864554,4938.22498333526,104715.199056506,144575.288274742,145330.944061461,128714.995341766,127045.137480296,127017.982876075,146089.564050057,126508.006098829,128163.594240083,63405.9250288309,65995.848036193,69334.2838953629,60750.3304039727,123929.582772171,146373.784297213,104876.636506094,125200.957285231,123656.757233279,126039.45364602,145455.314299502,122778.221384262,125205.217133389,126887.959878866,20350.2193769023,145458.083971917,20550.2222885836,147606.504158253,124429.549677359,104676.649744019
"gn-6",23605.7581383814,21357.2234489631,17018.845704613,15911.783653091,13114.8359211813,3296.95501111277,0,6683.96620443257,11129.3591426865,15233.3476133907,17371.7579276699,17796.0110440934,19561.6347376547,21634.3572848307,25928.3468699617,30522.2923737973,37947.4669990674,41392.9261269443,53901.1756143793,61367.9037609346,61509.3214664089,75921.2851519629,101031.155405249,126605.100243508,143121.128622487,24654.2672829083,48252.5995011807,47952.5951336587,53659.7564530644,79776.9053217132,101269.691479811,102308.174602675,118398.483913899,119508.420977371,121152.614410361,124158.165865392,123765.327201348,50352.3797549432,52300.8131792043,100516.918779846,125110.925327433,75962.7094763994,124762.385999775,124155.290853442,8235.17999444803,101418.244045393,141278.333263629,142033.989050348,125418.040330653,123748.182469184,123721.027864962,142792.609038944,123211.051087716,124866.639228971,60108.9700177181,62698.8930250802,66037.3288842502,57453.3753928599,120632.627761058,143076.829286101,101579.681494982,121904.002274119,120359.802222166,122742.498634907,142158.359288389,119481.266373149,121908.262122277,123591.004867753,23647.1743880151,142161.128960804,23847.1772996964,144309.54914714,121132.594666247,101379.694732906
"gn-5",30289.7243428139,28041.1896533957,23702.8119090456,22595.7498575235,19798.8021256139,9980.92121554535,6683.96620443257,0,4503.97006965809,8607.95854036228,10746.3688546415,11170.6219710649,12936.2456646262,15008.9682118022,19302.9577969333,23896.9033007689,31322.0779260389,34767.5370539158,47275.7865413508,54742.5146879061,54883.9323933804,69295.8960789345,94405.766332221,119979.711170479,136495.739549459,31338.2334873408,41627.2104281522,41327.2060606302,47034.3673800359,73151.5162486848,94644.3024067828,95682.7855296471,111773.094840871,112883.031904343,114527.225337332,117532.776792363,117139.93812832,43726.9906819147,45675.4241061758,93891.5297068179,118485.536254404,69337.320403371,118136.996926747,117529.901780413,14919.1461988806,94792.854972365,134652.944190601,135408.59997732,118792.651257625,117122.793396155,117095.638791934,136167.219965916,116585.662014688,118241.250155942,53483.5809446896,56073.5039520517,59411.9398112217,50827.9863198314,114007.23868803,136451.440213072,94954.2924219534,115278.61320109,113734.413149138,116117.109561878,135532.970215361,112855.877300121,115282.873049248,116965.615794725,30331.1405924476,135535.739887776,30531.1435041289,137684.160074111,114507.205593218,94754.305659878
"gn-4",34735.1172810679,32486.5825916496,28148.2048472996,27041.1427957775,24244.1950638679,14426.3141537993,11129.3591426865,4503.97006965809,0,4186.83711957727,6325.24743385645,6749.50055027991,8515.12424384122,10587.8467910172,14881.8363761483,19475.7818799839,26900.9565052539,30346.4156331307,42854.6651205657,50321.3932671211,50462.8109725954,64874.7746581495,89984.644911436,115558.589749694,132074.618128674,35783.6264255948,37206.0890073672,36906.0846398452,42613.2459592509,68730.3948278998,90223.1809859979,91261.6641088621,107351.973420086,108461.910483558,110106.103916547,113111.655371578,112718.816707535,39305.8692611297,41254.3026853908,89470.4082860329,114064.414833619,64916.1989825861,113715.875505962,113108.780359628,19364.5391371346,90371.73355158,130231.822769816,130987.478556534,114371.52983684,112701.67197537,112674.517371149,131746.098545131,112164.540593903,113820.128735157,49062.4595239045,51652.3825312667,54990.8183904367,46406.8648990464,109586.117267245,132030.318792287,90533.1710011684,110857.491780305,109313.291728353,111695.988141093,131111.848794576,108434.755879336,110861.751628463,112544.49437394,34776.5335307016,131114.61846699,34976.5364423829,133263.038653326,110086.084172433,90333.184239093
"gn-3",38839.1057517721,36590.5710623538,32252.1933180037,31145.1312664817,28348.183534572,18530.3026245035,15233.3476133907,8607.95854036228,4186.83711957727,0,2138.41031427918,2562.66343070264,4328.28712426395,6401.00967143992,10694.999256571,15288.9447604066,22714.1193856767,26159.5785135535,38667.8280009884,46134.5561475438,46275.9738530181,60687.9375385722,85797.8077918588,111371.752630117,127887.781009096,39887.614896299,33019.2518877899,32719.2475202679,38426.4088396736,64543.5577083226,86036.3438664206,87074.8269892849,103165.136300508,104275.073363981,105919.26679697,108924.818252001,108531.979587958,35119.0321415524,37067.4655658135,85283.5711664557,109877.577714042,60729.3618630088,109529.038386385,108921.943240051,23468.5276078388,86184.8964320028,126044.985650238,126800.641436957,110184.692717263,108514.834855793,108487.680251572,127559.261425553,107977.703474326,109633.29161558,44875.6224043272,47465.5454116894,50803.9812708594,42220.0277794691,105399.280147667,127843.48167271,86346.3338815912,106670.654660728,105126.454608776,107509.151021516,126925.011674999,104247.918759759,106674.914508886,108357.657254362,38880.5220014058,126927.781347413,39080.5249130871,129076.201533749,105899.247052856,86146.3471195158
"gn-2",40977.5160660513,38728.981376633,34390.6036322829,33283.5415807608,30486.5938488512,20668.7129387827,17371.7579276699,10746.3688546415,6325.24743385645,2138.41031427918,0,424.253116423457,2189.87680998476,4262.59935716074,8556.58894229184,13150.5344461274,20575.7090713975,24021.1681992743,36529.4176867092,43996.1458332646,44137.5635387389,58549.527224293,83659.3974775796,109233.342315838,125749.370694817,42026.0252105782,30880.8415735107,30580.8372059887,36287.9985253944,62405.1473940434,83897.9335521415,84936.4166750058,101026.725986229,102136.663049702,103780.856482691,106786.407937722,106393.569273678,32980.6218272732,34929.0552515343,83145.1608521765,107739.167399763,58590.9515487296,107390.628072105,106783.532925772,25606.9379221179,84046.4861177237,123906.575335959,124662.231122678,108046.282402983,106376.424541514,106349.269937292,125420.851111274,105839.293160046,107494.881301301,42737.212090048,45327.1350974102,48665.5709565802,40081.6174651899,103260.869833388,125705.07135843,84207.9235673121,104532.244346449,102988.044294497,105370.740707237,124786.601360719,102109.50844548,104536.504194607,106219.246940083,41018.932315685,124789.371033134,41218.9352273663,126937.79121947,103760.836738577,84007.9368052366
"gn-1",41401.7691824748,39153.2344930565,34814.8567487064,33707.7946971843,30910.8469652747,21092.9660552061,17796.0110440934,11170.6219710649,6749.50055027991,2562.66343070264,424.253116423457,0,1765.62369356131,3838.34624073729,8132.33582586838,12726.281329704,20151.455954974,23596.9150828509,36105.1645702858,43571.8927168411,43713.3104223154,58125.2741078696,83235.1443611562,108809.089199415,125325.117578394,42450.2783270017,30456.5884570872,30156.5840895653,35863.7454089709,61980.8942776199,83473.680435718,84512.1635585823,100602.472869806,101712.409933278,103356.603366268,106362.154821299,105969.316157255,32556.3687108497,34504.8021351108,82720.9077357531,107314.91428334,58166.6984323061,106966.374955682,106359.279809349,26031.1910385414,83622.2330013002,123482.322219536,124237.978006255,107622.02928656,105952.17142509,105925.016820869,124996.597994851,105415.040043623,107070.628184878,42312.9589736246,44902.8819809867,48241.3178401567,39657.3643487664,102836.616716965,125280.818242007,83783.6704508886,104107.991230026,102563.791178073,104946.487590814,124362.348244296,101685.255329056,104112.251078183,105794.99382366,41443.1854321085,124365.117916711,41643.1883437898,126513.538103046,103336.583622153,83583.6836888132
"bn-3",43167.3928760361,40918.8581866178,36580.4804422677,35473.4183907456,32676.470658836,22858.5897487674,19561.6347376547,12936.2456646262,8515.12424384122,4328.28712426395,2189.87680998476,1765.62369356131,0,2072.72254717598,6366.71213230708,10960.6576361426,18385.8322614127,21831.2913892896,34339.5408767244,41806.2690232798,41947.6867287541,56359.6504143082,81469.5206675949,107043.465505853,123559.493884832,44215.902020563,28690.9647635259,28390.960396004,34098.1217154096,60215.2705840586,81708.0567421567,82746.539865021,98836.8491762446,99946.7862397169,101590.979672706,104596.531127737,104203.692463694,30790.7450172884,32739.1784415495,80955.2840421918,105549.290589778,56401.0747387448,105200.751262121,104593.656115787,27796.8147321027,81856.6093077389,121716.698525975,122472.354312693,105856.405592999,104186.547731529,104159.393127308,123230.974301289,103649.416350062,105305.004491316,40547.3352800632,43137.2582874254,46475.6941465954,37891.7406552051,101070.993023404,123515.194548446,82018.0467573273,102342.367536464,100798.167484512,103180.863897252,122596.724550735,99919.6316354948,102346.627384622,104029.370130098,43208.8091256698,122599.494223149,43408.8120373511,124747.914409485,101570.959928592,81818.0599952519
"bn-2",45240.1154232121,42991.5807337938,38653.2029894437,37546.1409379216,34749.193206012,24931.3122959434,21634.3572848307,15008.9682118022,10587.8467910172,6401.00967143992,4262.59935716074,3838.34624073729,2072.72254717598,0,4293.9895851311,8887.93508896666,16313.1097142368,19758.5688421136,32266.8183295485,39733.5464761038,39874.9641815781,54286.9278671323,79396.7981204189,104970.742958677,121486.771337656,46288.624567739,26618.24221635,26318.237848828,32025.3991682336,58142.5480368826,79635.3341949808,80673.8173178451,96764.1266290686,97874.0636925409,99518.2571255304,102523.808580561,102130.969916518,28718.0224701125,30666.4558943735,78882.5614950158,103476.568042602,54328.3521915688,103128.028714945,102520.933568611,29869.5372792787,79783.8867605629,119643.975978799,120399.631765517,103783.683045823,102113.825184353,102086.670580132,121158.251754114,101576.693802886,103232.28194414,38474.6127328873,41064.5357402494,44402.9715994194,35819.0181080291,98998.2704762276,121442.47200127,79945.3242101513,100269.644989288,98725.4449373358,101108.141350076,120524.002003559,97846.9090883189,100273.904837446,101956.647582923,45281.5316728458,120526.771675973,45481.5345845271,122675.191862309,99498.2373814162,79745.3374480759
"bn-1",49534.1050083432,47285.5703189249,42947.1925745748,41840.1305230527,39043.1827911431,29225.3018810745,25928.3468699617,19302.9577969333,14881.8363761483,10694.999256571,8556.58894229184,8132.33582586838,6366.71213230708,4293.9895851311,0,4593.94550383556,12019.1201291056,15464.5792569825,27972.8287444174,35439.5568909727,35580.974596447,49992.9382820011,75102.8085352879,100676.753373546,117192.781752525,50582.6141528701,22324.2526312189,22024.2482636969,27731.4095831025,53848.5584517515,75341.3446098498,76379.8277327141,92470.1370439376,93580.0741074099,95224.2675403993,98229.8189954304,97836.9803313868,24424.0328849814,26372.4663092424,74588.5719098848,99182.5784574713,50034.3626064377,98834.0391298137,98226.9439834803,34163.5268644097,75489.8971754319,115349.986393668,116105.642180386,99489.6934606917,97819.8355992221,97792.6809950007,116864.262168983,97282.7042177547,98938.2923590093,34180.6231477561,36770.5461551183,40108.9820142883,31525.028522898,94704.2808910966,117148.482416139,75651.3346250203,95975.6554041572,94431.4553522048,96814.1517649454,116230.012418428,93552.9195031878,95979.9152523151,97662.6579977915,49575.5212579769,116232.782090842,49775.5241696582,118381.202277178,95204.2477962852,75451.3478629449
"bn-Walem",54128.0505121788,51879.5158227605,47541.1380784104,46434.0760268883,43637.1282949787,33819.2473849101,30522.2923737973,23896.9033007689,19475.7818799839,15288.9447604066,13150.5344461274,12726.281329704,10960.6576361426,8887.93508896666,4593.94550383556,0,7425.17462527007,10870.6337531469,23378.8832405818,30845.6113871371,30987.0290926114,45398.9927781655,70508.8630314524,96082.8078697109,112598.83624869,55176.5596567057,17730.3071273833,17430.3027598614,23137.464079267,49254.6129479159,70747.3991060143,71785.8822288786,87876.1915401021,88986.1286035744,90630.3220365639,93635.8734915949,93243.0348275513,19830.0873811458,21778.5208054069,69994.6264060493,94588.6329536358,45440.4171026021,94240.0936259782,93632.9984796448,38757.4723682453,70895.9516715964,110756.040889832,111511.696676551,94895.7479568563,93225.8900953866,93198.7354911653,112270.316665147,92688.7587139192,94344.3468551738,29586.6776439206,32176.6006512827,35515.0365104527,26931.0830190625,90110.3353872611,112554.536912303,71057.3891211848,91381.7099003217,89837.5098483693,92220.2062611099,111636.066914592,88958.9739993524,91385.9697484796,93068.712493956,54169.4667618125,111638.836587007,54369.4696734938,113787.256773343,90610.3022924497,70857.4023591094
"ru-1",61553.2251374489,59304.6904480306,54966.3127036805,53859.2506521584,51062.3029202488,41244.4220101802,37947.4669990674,31322.0779260389,26900.9565052539,22714.1193856767,20575.7090713975,20151.455954974,18385.8322614127,16313.1097142368,12019.1201291056,7425.17462527007,0,3445.45912787687,15953.7086153118,23420.4367618671,23561.8544673413,37973.8181528954,63083.6884061824,88657.6332444409,105173.66162342,62601.7342819758,10305.1325021133,10005.1281345913,15712.289453997,41829.4383226458,63322.2244807443,64360.7076036086,80451.0169148321,81560.9539783044,83205.1474112939,86210.6988663249,85817.8602022813,12404.9127558758,14353.3461801368,62569.4517807793,87163.4583283659,38015.2424773319,86814.9190007083,86207.8238543748,46182.6469935155,63470.7770463264,103330.866264562,104086.522051281,87470.5733315863,85800.7154701167,85773.5608658953,104845.142039877,85263.5840886493,86919.1722299039,22161.5030186505,24751.4260260126,28089.8618851826,19505.9083937924,82685.1607619911,105129.362287033,63632.2144959148,83956.5352750518,82412.3352230993,84795.0316358399,104210.892289322,81533.7993740824,83960.7951232097,85643.537868686,61594.6413870826,104213.661961737,61794.6442987639,106362.082148073,83185.1276671798,63432.2277338394
"me-7-2b",64998.6842653258,62750.1495759075,58411.7718315574,57304.7097800353,54507.7620481257,44689.8811380571,41392.9261269443,34767.5370539158,30346.4156331307,26159.5785135535,24021.1681992743,23596.9150828509,21831.2913892896,19758.5688421136,15464.5792569825,10870.6337531469,3445.45912787687,0,12508.249487435,19974.9776339902,20116.3953394645,34528.3590250185,59638.2292783056,85212.1741165641,101728.202495543,66047.1934098527,6859.67337423643,6559.66900671446,12266.8303261201,38383.9791947689,59876.7653528674,60915.2484757317,77005.5577869553,78115.4948504276,79759.6882834171,82765.2397384481,82372.4010744045,8959.45362799893,10907.88705226,59123.9926529024,83717.9992004891,34569.7833494551,83369.4598728315,82762.364726498,49628.1061213924,60025.3179184496,99885.4071366853,100641.062923404,84025.1142037095,82355.2563422399,82328.1017380185,101399.682912,81818.1249607725,83473.7131020271,18716.0438907737,21305.9668981358,24644.4027573058,16060.4492659156,79239.7016341143,101683.903159156,60186.755368038,80511.076147175,78966.8760952226,81349.5725079632,100765.433161445,78088.3402462056,80515.3359953329,82198.0787408092,65040.1005149595,100768.20283386,65240.1034266408,102916.623020196,79739.668539303,59986.7686059625
"s-9a",77506.9337527606,75258.3990633423,70920.0213189923,69812.9592674702,67016.0115355606,57198.130625492,53901.1756143793,47275.7865413508,42854.6651205657,38667.8280009884,36529.4176867092,36105.1645702858,34339.5408767244,32266.8183295485,27972.8287444174,23378.8832405818,15953.7086153118,12508.249487435,0,7466.72814655529,7608.14585202956,22020.1095375836,47129.9797908706,72703.9246291292,89219.9530081083,78555.4428972876,5648.57611319853,5948.58048072049,241.419161314839,25875.729707334,47368.5158654324,48406.9989882967,64497.3082995204,65607.2453629927,67251.4387959822,70256.9902510132,69864.1515869696,13400.9581590318,15349.3915832929,46615.7431654675,71209.7497130542,22061.5338620201,70861.2103853966,70254.1152390631,62136.3556088273,47517.0684310146,87377.1576492504,88132.8134359692,71516.8647162746,69847.006854805,69819.8522505836,88891.4334245653,69309.8754733376,70965.4636145922,23157.5484218066,25747.4714291687,29085.9072883387,20501.9537969485,66731.4521466794,89175.6536717216,47678.505880603,68002.8266597401,66458.6266077876,68841.3230205282,88257.1836740105,65580.0907587707,68007.086507898,69689.8292533743,77548.3500023944,88259.9533464251,77748.3529140757,90408.373532761,67231.4190518681,47478.5191185275
"s-10a",84973.6618993158,82725.1272098976,78386.7494655475,77279.6874140255,74482.7396821159,64664.8587720474,61367.9037609346,54742.5146879061,50321.3932671211,46134.5561475438,43996.1458332646,43571.8927168411,41806.2690232798,39733.5464761038,35439.5568909727,30845.6113871371,23420.4367618671,19974.9776339902,7466.72814655529,0,141.417705474266,14553.3813910283,39663.2516443152,65237.196482574,81753.2248615531,86022.1710438428,13115.3042597538,13415.3086272758,7708.14730787013,18409.0015607787,39901.7877188771,40940.2708417414,57030.5801529651,58140.5172164374,59784.7106494269,62790.262104458,62397.4234404144,20867.6863055871,22816.1197298482,39149.0150189121,63743.021566499,14594.8057154649,63394.4822388414,62787.3870925079,69603.0837553826,40050.3402844592,79910.4295026952,80666.085289414,64050.1365697194,62380.2787082497,62353.1241040283,81424.7052780102,61843.1473267823,63498.7354680369,30624.2765683618,33214.1995757239,36552.635434894,27968.6819435037,59264.7240001241,81708.9255251664,40211.7777340476,60536.0985131848,58991.8984612323,61374.594873973,80790.4555274553,58113.3626122153,60540.3583613427,62223.1011068191,85015.0781489496,80793.22519987,85215.0810606309,82941.6453862058,59764.6909053127,40011.7909719722
"ak-41",85115.0796047901,82866.5449153719,78528.1671710218,77421.1051194997,74624.1573875902,64806.2764775217,61509.3214664089,54883.9323933804,50462.8109725954,46275.9738530181,44137.5635387389,43713.3104223154,41947.6867287541,39874.9641815781,35580.974596447,30987.0290926114,23561.8544673413,20116.3953394645,7608.14585202956,141.417705474266,0,14411.963685554,39521.833938841,65095.7787770998,81611.8071560788,86163.588749317,13256.7219652281,13556.7263327501,7849.5650133444,18267.5838553044,39760.3700134028,40798.8531362671,56889.1624474908,57999.0995109631,59643.2929439526,62648.8443989837,62256.0057349401,21009.1040110614,22957.5374353224,39007.5973134378,63601.6038610247,14453.3880099906,63253.0645333671,62645.9693870336,69744.5014608568,39908.922578985,79769.011797221,80524.6675839397,63908.7188642451,62238.8610027754,62211.7063985541,81283.2875725359,61701.729621308,63357.3177625627,30765.6942738361,33355.6172811982,36694.0531403682,28110.099648978,59123.3062946499,81567.5078196921,40070.3600285734,60394.6808077105,58850.4807557581,61233.1771684987,80649.037821981,57971.9449067411,60398.9406558684,62081.6834013448,85156.4958544238,80651.8074943957,85356.4987661051,82800.2276807316,59623.2731998385,39870.3732664979
"s-12",99527.043290344,97278.5086009258,92940.1308565757,91833.0688050536,89036.1210731441,79218.2401630756,75921.2851519629,69295.8960789345,64874.7746581495,60687.9375385722,58549.527224293,58125.2741078696,56359.6504143082,54286.9278671323,49992.9382820011,45398.9927781655,37973.8181528954,34528.3590250185,22020.1095375836,14553.3813910283,14411.963685554,0,25109.8702532869,50683.8150915457,67199.843470525,100575.552434871,27668.6856507821,27968.6900183041,22261.5286988984,3855.62016975038,25348.4063278487,26386.8894507131,42477.1987619367,43587.135825409,45231.3292583985,48236.8807134296,47844.042049386,35421.0676966154,37369.5011208764,24595.6336278838,49189.6401754706,300.004367521964,48841.100847813,48234.0057014795,84156.4651464107,25496.9588934309,65357.0481116671,66112.7038983858,49496.755178691,47826.8973172213,47799.7427129999,66871.323886982,47289.7659357539,48945.3540770086,45177.6579593902,47767.5809667523,51106.0168259223,42522.0633345321,44711.3426090957,67155.5441341383,25658.3963430193,45982.7171221564,44438.5170702039,46821.2134829446,66237.0741364272,43559.981221187,45986.9769703143,47669.7197157907,99568.4595399777,66239.8438088418,99768.462451659,68388.2639951777,45211.3095142844,25458.4095809439
"ws-53A",124636.91354363,122388.378854212,118050.001109862,116942.93905834,114145.991326431,104328.110416362,101031.155405249,94405.766332221,89984.644911436,85797.8077918588,83659.3974775796,83235.1443611562,81469.5206675949,79396.7981204189,75102.8085352879,70508.8630314524,63083.6884061824,59638.2292783056,47129.9797908706,39663.2516443152,39521.833938841,25109.8702532869,0,25988.1880826241,42504.2164616033,125685.422688158,52778.5559040692,53078.5602715911,47371.3989521854,21254.2500835365,1424.26767482934,2682.8703511249,17781.5717530151,18891.5088164874,20535.7022494769,23541.253704508,23148.4150404644,60530.9379499025,62479.3713741635,1041.43080804016,24494.013166549,25351.2974894048,24145.4738388914,23538.3786925579,109266.335399697,2065.69265950754,40661.4211027454,41417.0768894642,24801.1281697694,23131.2703082997,23104.1157040783,42175.6968780604,22594.1389268323,24249.727068087,70287.5282126771,72877.4512200392,76215.8870792092,67631.9335878191,20015.7156001741,42459.9171252166,724.257483944762,21287.0901132348,19742.8900612823,22125.586474023,41541.4471275055,18864.3542122654,21291.3499613927,22974.0927068691,124678.329793264,41544.2167999202,124878.332704946,43692.6369862561,20515.6825053628,641.424984677539
"ws-borssele",150210.858381889,147962.323692471,143623.945948121,142516.883896599,139719.936164689,129902.055254621,126605.100243508,119979.711170479,115558.589749694,111371.752630117,109233.342315838,108809.089199415,107043.465505853,104970.742958677,100676.753373546,96082.8078697109,88657.6332444409,85212.1741165641,72703.9246291292,65237.196482574,65095.7787770998,50683.8150915457,25988.1880826241,0,17106.0030175571,151259.367526417,78352.5007423276,78652.5051098496,72945.3437904439,46828.1949217953,26826.6844434122,26865.2337558993,12389.1851591305,11109.3474733755,9139.59021682185,5082.90529130127,4831.39550989958,86104.8827881609,88053.3162124219,26088.1814636618,2782.87180696556,50925.2423276635,3424.29679164376,4089.96906938139,134840.280237956,27175.2237710699,14848.9644143338,15604.6202010525,2241.44827812867,6072.82922962105,7138.50733072205,18434.456411477,8169.84751867552,1972.76954015355,95861.4730509355,98451.3960582976,101789.831917468,93205.8784260774,10995.1893445614,16647.4604368049,25936.7538861301,8125.41898544189,10053.7599923612,9301.18916246957,17965.9039586683,12175.0255744758,10115.3574821689,9652.70039971257,150252.274631523,15731.7601115085,150452.277543205,17880.1802978444,10788.1080963933,26136.7406482055
"ws-WN2",166726.886760869,164478.352071451,160139.974327101,159032.912275578,156235.964543669,146418.0836336,143121.128622487,136495.739549459,132074.618128674,127887.781009096,125749.370694817,125325.117578394,123559.493884832,121486.771337656,117192.781752525,112598.83624869,105173.66162342,101728.202495543,89219.9530081083,81753.2248615531,81611.8071560788,67199.843470525,42504.2164616033,17106.0030175571,0,167775.395905396,94868.5291213069,95168.5334888289,89461.3721694232,63344.2233007745,43342.7128223915,43381.2621348785,28202.2879612602,26512.4103556763,23956.8817850817,18962.9627570954,19355.8014211389,102620.91116714,104569.344591401,42604.209842641,18010.2032950543,67441.2707066427,18358.7426227119,18965.8377690454,151356.308616935,43691.2521500491,5449.62697080308,6566.81194162437,17703.0882918339,19952.8866954151,20725.6791394955,2207.11036498173,21815.5964588531,18254.4893935163,112377.501429915,114967.424437277,118305.860296447,109721.906805057,25636.7495186089,1307.09726241526,42452.7822651094,22708.4020280853,25163.9372176416,22946.9381026471,2924.28951244048,27285.2027997561,24112.5692107711,22595.5237630408,166768.303010502,5318.29988541558,166968.305922184,5131.39987742097,25136.7826134202,42652.7690271848
"rel_grotenete1",1048.50914452691,3438.45346461651,7635.42157829526,8742.48362981734,11598.0084931311,21357.3122717955,24654.2672829083,31338.2334873408,35783.6264255948,39887.614896299,42026.0252105782,42450.2783270017,44215.902020563,46288.624567739,50582.6141528701,55176.5596567057,62601.7342819758,66047.1934098527,78555.4428972876,86022.1710438428,86163.588749317,100575.552434871,125685.422688158,151259.367526417,167775.395905396,0,72906.866784089,72606.8624165671,78314.0237359727,104431.172604621,125923.958762719,126962.441885584,143052.751196807,144162.68826028,145806.881693269,148812.4331483,148419.594484257,75006.6470378515,76955.0804621126,125171.186062754,149765.192610341,100616.976759307,149416.653282684,148809.55813635,16419.0872884603,126072.511328301,165932.600546538,166688.256333257,150072.307613562,148402.449752092,148375.295147871,167446.876321853,147865.318370625,149520.906511879,84763.2373006262,87353.1603079883,90691.5961671582,82107.6426757681,145286.895043966,167731.096569009,126233.94877789,146558.269557027,145014.069505075,147396.765917815,166812.626571298,144135.533656058,146562.529405185,148245.272150661,1007.09289489321,166815.396243713,807.089983211903,168963.816430049,145786.861949155,126033.962015814
"s-8",71858.3576395621,69609.8229501439,65271.4452057938,64164.3831542717,61367.4354223621,51549.5545122935,48252.5995011807,41627.2104281522,37206.0890073672,33019.2518877899,30880.8415735107,30456.5884570872,28690.9647635259,26618.24221635,22324.2526312189,17730.3071273833,10305.1325021133,6859.67337423643,5648.57611319853,13115.3042597538,13256.7219652281,27668.6856507821,52778.5559040692,78352.5007423276,94868.5291213069,72906.866784089,0,300.004367521964,5407.15695188369,31524.3058205325,53017.091978631,54055.5751014953,70145.884412719,71255.8214761913,72900.0149091807,75905.5663642117,75512.7277001681,7752.38204583329,9700.81547009435,52264.319278666,76858.3258262527,27710.1099752186,76509.7864985951,75902.6913522616,56487.7794956288,53165.6445442131,93025.7337624489,93781.3895491677,77165.4408294731,75495.5829680035,75468.4283637821,94540.0095377639,74958.4515865361,76614.0397277907,17508.9723086081,20098.8953159701,23437.3311751401,14853.37768375,72380.028259878,94824.2297849201,53327.0819938015,73651.4027729386,72107.2027209862,74489.8991337268,93905.759787209,71228.6668719692,73655.6626210965,75338.4053665729,71899.7738891959,93908.5294596237,72099.7768008772,96056.9496459595,72879.9951650666,53127.0952317261
"s-8a",71558.3532720402,69309.8185826219,64971.4408382719,63864.3787867498,61067.4310548401,51249.5501447715,47952.5951336587,41327.2060606302,36906.0846398452,32719.2475202679,30580.8372059887,30156.5840895653,28390.960396004,26318.237848828,22024.2482636969,17430.3027598614,10005.1281345913,6559.66900671446,5948.58048072049,13415.3086272758,13556.7263327501,27968.6900183041,53078.5602715911,78652.5051098496,95168.5334888289,72606.8624165671,300.004367521964,0,5707.16131940565,31824.3101880544,53317.0963461529,54355.5794690172,70445.8887802409,71555.8258437132,73200.0192767027,76205.5707317337,75812.7320676901,7452.37767831132,9400.81110257238,52564.323646188,77158.3301937747,28010.1143427406,76809.7908661171,76202.6957197836,56187.7751281068,53465.6489117351,93325.7381299709,94081.3939166896,77465.4451969951,75795.5873355255,75768.4327313041,94840.0139052858,75258.455954058,76914.0440953126,17208.9679410861,19798.8909484482,23137.3268076182,14553.373316228,72680.0326273999,95124.2341524421,53627.0863613235,73951.4071404606,72407.2070885081,74789.9035012487,94205.764154731,71528.6712394912,73955.6669886184,75638.4097340948,71599.7695216739,94208.5338271456,71799.7724333552,96356.9540134815,73179.9995325885,53427.099599248
"s-9",77265.5145914458,75016.9799020275,70678.6021576775,69571.5401061554,66774.5923742458,56956.7114641772,53659.7564530644,47034.3673800359,42613.2459592509,38426.4088396736,36287.9985253944,35863.7454089709,34098.1217154096,32025.3991682336,27731.4095831025,23137.464079267,15712.289453997,12266.8303261201,241.419161314839,7708.14730787013,7849.5650133444,22261.5286988984,47371.3989521854,72945.3437904439,89461.3721694232,78314.0237359727,5407.15695188369,5707.16131940565,0,26117.1488686488,47609.9350267473,48648.4181496116,64738.7274608353,65848.6645243076,67492.857957297,70498.4094123281,70105.5707482845,13159.538997717,15107.972421978,46857.1623267823,71451.168874369,22302.953023335,71102.6295467114,70495.5344003779,61894.9364475125,47758.4875923294,87618.5768105652,88374.232597284,71758.2838775894,70088.4260161198,70061.2714118984,89132.8525858802,69551.2946346524,71206.882775907,22916.1292604917,25506.0522678538,28844.4881270238,20260.5346356336,66972.8713079943,89417.0728330364,47919.9250419178,68244.2458210549,66700.0457691025,69082.7421818431,88498.6028353253,65821.5099200855,68248.5056692128,69931.2484146892,77306.9308410796,88501.37250774,77506.9337527609,90649.7926940759,67472.8382131829,47719.9382798424
"s-STD3",103382.663460094,101134.128770676,96795.751026326,95688.688974804,92891.7412428944,83073.8603328259,79776.9053217132,73151.5162486848,68730.3948278998,64543.5577083226,62405.1473940434,61980.8942776199,60215.2705840586,58142.5480368826,53848.5584517515,49254.6129479159,41829.4383226458,38383.9791947689,25875.729707334,18409.0015607787,18267.5838553044,3855.62016975038,21254.2500835365,46828.1949217953,63344.2233007745,104431.172604621,31524.3058205325,31824.3101880544,26117.1488686488,0,21492.7861580984,22531.2692809627,38621.5785921863,39731.5156556586,41375.7090886481,44381.2605436792,43988.4218796356,39276.6878663658,41225.1212906268,20740.0134581334,45334.0200057202,4097.04740586822,44985.4806780626,44378.3855317291,88012.085316161,21641.3387236806,61501.4279419167,62257.0837286355,45641.1350089406,43971.2771474709,43944.1225432495,63015.7037172317,43434.1457660035,45089.7339072582,49033.2781291406,51623.2011365027,54961.6369956727,46377.6835042825,40855.7224393453,63299.9239643879,21802.776173269,42127.096952406,40582.8969004535,42965.5933131942,62381.4539666768,39704.3610514366,42131.3568005639,43814.0995460403,103424.079709728,62384.2236390915,103624.082621409,64532.6438254274,41355.689344534,21602.7894111935
"ws-42A",124875.449618192,122626.914928774,118288.537184424,117181.475132902,114384.527400992,104566.646490924,101269.691479811,94644.3024067828,90223.1809859979,86036.3438664206,83897.9335521415,83473.680435718,81708.0567421567,79635.3341949808,75341.3446098498,70747.3991060143,63322.2244807443,59876.7653528674,47368.5158654324,39901.7877188771,39760.3700134028,25348.4063278487,1424.26767482934,26826.6844434122,43342.7128223915,125923.958762719,53017.091978631,53317.0963461529,47609.9350267473,21492.7861580984,0,1507.10017409723,18620.0681138033,19730.0051772756,21374.1986102651,24379.7500652962,23986.9114012526,60769.4740244644,62717.9074487254,2382.86598360228,25332.5095273372,25589.8335639666,24983.9701996795,24376.8750533461,109504.871474259,641.424984678198,41499.9174635336,42255.5732502524,25639.6245305576,23969.7666690879,23942.6120648665,43014.1932388486,23432.6352876205,25088.2234288751,70526.064287239,73115.987294601,76454.423153771,67870.4696623809,20854.2119609623,43298.4134860049,948.507688686251,22125.586474023,20581.3864220705,22964.0828348112,42379.9434882937,19702.8505730535,22129.8463221808,23812.5890676573,124916.865867826,42382.7131607084,125116.868779507,44531.1333470443,21354.1788661509,865.675189419029
