"","gn-14","gn-13","gn-11","gn-10","gn-9","gn-7","gn-6","gn-5","gn-4","gn-3","gn-2","gn-1","bn-3","bn-2","bn-1","bn-Walem","ru-1","me-7-2b","s-9a","s-10a","ak-41","s-12","rel_grotenete1","s-8","s-8a","s-9","s-STD3","s-7","s-6","s-11","gn-8","s-4c","s-4b","s-4a","s-5","rel_grotenete3","rel_grotenete2"
"gn-14",0,2381.9285605036,6733.26095256857,7840.47275192723,10787.8423470272,20689.6513863798,24154.3353132745,31065.4721488685,35794.380567203,40226.8681764458,42415.638423982,42889.9665626242,44705.8566045514,46987.5184269732,51540.8686697777,56235.5359322593,63841.0296497564,67324.8767049772,57276.1354139109,49708.0201196751,49183.6450899365,60736.8801870064,1078.01237594293,62896.9654411599,63047.0117748734,57467.5936642607,64622.7395405671,70679.7016735408,72599.0743372682,60445.4382173029,15750.9121901364,80717.3437985243,83407.8427682897,86726.3094524332,77923.2993139075,120.73684746014,170.752292031292
"gn-13",2381.9285605036,0,4351.33239206498,5458.54419142364,8405.91378652361,18307.7228258762,21772.4067527709,28683.5435883649,33412.4520066994,37844.9396159422,40033.7098634784,40508.0380021206,42323.9280440478,44605.5898664696,49158.9401092741,53853.6073717557,61459.1010892529,64942.9481444736,55989.4577317465,48421.3424375107,47896.9674077721,59450.202504842,3459.94093644653,61610.2877589955,61760.334092709,56180.9159820963,63336.0618584027,69393.0239913763,71312.3966551038,59158.7605351385,13368.9836296328,79430.6661163599,82121.1650861253,85439.6317702688,76636.6216317431,2502.66540796374,2552.68085253489
"gn-11",6733.26095256857,4351.33239206498,0,1107.21179935866,4054.58139445863,13956.3904338112,17421.0743607059,24332.2111963,29061.1196146345,33493.6072238772,35682.3774714135,36156.7056100557,37972.5956519828,40254.2574744046,44807.6077172091,49502.2749796908,57107.7686971879,60591.6157524087,60340.7901238115,52772.6748295757,52248.299799837,63801.534896907,7811.27332851151,65961.6201510605,66111.6664847739,60532.2483741613,67687.3942504677,69810.934491304,71730.3071550314,63510.0929272035,9017.65123756788,79848.5766162875,82539.0755860529,85857.5422701964,77054.5321316707,6853.99780002872,6904.01324459987
"gn-10",7840.47275192723,5458.54419142364,1107.21179935866,0,2947.36959509997,12849.1786344526,16313.8625613473,23224.9993969413,27953.9078152758,32386.3954245186,34575.1656720548,35049.493810697,36865.3838526242,39147.045675046,43700.3959178505,48395.0631803321,56000.5568978292,59484.40395305,61448.0019231701,53879.8866289343,53355.5115991957,64908.7466962656,8918.48512787016,66391.9003768337,66241.8540431202,61639.4601735199,68794.6060498263,68703.7226919453,70623.0953556727,64617.3047265621,7910.43943820923,78741.3648169288,81431.8637866943,84750.3304708377,75947.3203323121,7961.20959938737,8011.22504395852
"gn-9",10787.8423470272,8405.91378652361,4054.58139445863,2947.36959509997,0,9901.80903935262,13366.4929662473,20277.6298018414,25006.5382201759,29439.0258294186,31627.7960769548,32102.124215597,33918.0142575242,36199.676079946,40753.0263227505,45447.6935852322,53053.1873027293,56537.03435795,64395.3715182701,56827.2562240343,56302.8811942957,67856.1162913655,11865.8547229701,63444.5307817337,63294.4844480203,64586.8297686199,71741.9756449262,65756.3530968454,67675.7257605728,67564.674321662,4963.06984310925,75793.9952218289,78484.4941915944,81802.9608757378,72999.9507372121,10908.5791944873,10958.5946390585
"gn-7",20689.6513863798,18307.7228258762,13956.3904338112,12849.1786344526,9901.80903935262,0,3464.6839268947,10375.8207624888,15104.7291808233,19537.216790066,21725.9870376023,22200.3151762445,24016.2052181716,26297.8670405934,30851.2172833979,35545.8845458796,43151.3782633767,46635.2253185975,59163.5517696301,66729.0652633869,66204.6902336482,77757.9253307181,21767.6637623227,53542.7217423811,53392.6754086677,58972.0935192803,81643.7846842788,55854.5440574928,57773.9167212202,77466.4833610146,4938.73919624337,65892.1861824764,68582.6851522418,71901.1518363852,63098.1416978596,20810.3882338399,20860.4036784111
"gn-6",24154.3353132745,21772.4067527709,17421.0743607059,16313.8625613473,13366.4929662473,3464.6839268947,0,6911.1368355941,11640.0452539286,16072.5328631714,18261.3031107076,18735.6312493498,20551.5212912769,22833.1831136987,27386.5333565033,32081.2006189849,39686.694336482,43170.5413917028,55698.8678427354,63266.9831369713,63820.6519297007,76805.4278008452,25232.3476892174,50078.0378154864,49927.991481773,55507.4095923857,80691.2871544059,52389.8601305981,54309.2327943256,76513.9858311417,8403.42312313807,62427.5022555817,65118.0012253472,68436.4679094906,59633.4577709649,24275.0721607346,24325.0876053058
"gn-5",31065.4721488685,28683.5435883649,24332.2111963,23224.9993969413,20277.6298018414,10375.8207624888,6911.1368355941,0,4728.9084183345,9161.3960275773,11350.1662751135,11824.4944137557,13640.3844556829,15922.0462781047,20475.3965209092,25170.0637833908,32775.5575008879,36259.4045561087,48787.7310071414,56355.8463013772,56909.5150941066,69894.2909652512,32143.4845248115,43166.9009798924,43016.8546461789,48596.2727567916,73780.1503188119,45478.723295004,47398.0959587315,69602.8489955477,15314.5599587321,55516.3654199876,58206.8643897531,61525.3310738965,52722.3209353708,31186.2089963287,31236.2244408998
"gn-4",35794.380567203,33412.4520066994,29061.1196146345,27953.9078152758,25006.5382201759,15104.7291808233,11640.0452539286,4728.9084183345,0,4432.4876092428,6621.25785677902,7095.58599542122,8911.4760373484,11193.1378597702,15746.4881025747,20441.1553650563,28046.6490825534,31530.4961377742,44058.8225888069,51626.9378830427,52180.6066757721,65165.3825469167,36872.3929431459,38437.9925615579,38287.9462278444,43867.3643384571,69051.2419004774,40749.8148766696,42669.187540397,64873.9405772132,20043.4683770666,50787.4570016531,53477.9559714186,56796.4226555621,47993.4125170363,35915.1174146632,35965.1328592343
"gn-3",40226.8681764458,37844.9396159422,33493.6072238772,32386.3954245186,29439.0258294186,19537.216790066,16072.5328631714,9161.3960275773,4432.4876092428,0,2247.35777351773,2721.68591215992,4537.57595408711,6819.23777650893,11372.5880193134,16067.2552817951,23672.7489992922,27156.5960545129,39684.9225055456,47253.0377997815,47806.7065925108,60791.4824636554,41304.8805523887,34064.0924782966,33914.0461445832,39493.4642551958,64677.3418172162,36375.9147934083,38295.2874571357,60500.0404939519,24475.9559863094,46413.5569183919,49104.0558881573,52422.5225723008,43619.5124337751,40347.6050239059,40397.6204684771
"gn-2",42415.638423982,40033.7098634784,35682.3774714135,34575.1656720548,31627.7960769548,21725.9870376023,18261.3031107076,11350.1662751135,6621.25785677902,2247.35777351773,0,474.328138642232,2290.21818056942,4571.88000299124,9125.23024579576,13819.8975082774,21425.3912257745,24909.2382809953,37437.5647320279,45005.6800262638,45559.3488189932,58544.1246901377,43493.6507999249,31816.7347047789,31666.6883710655,37246.1064816782,62429.9840436985,34128.5570198906,36047.9296836181,58252.6827204342,26664.7262338456,44166.1991448742,46856.6981146397,50175.1647987831,41372.1546602574,42536.3752714421,42586.3907160133
"gn-1",42889.9665626242,40508.0380021206,36156.7056100557,35049.493810697,32102.124215597,22200.3151762445,18735.6312493498,11824.4944137557,7095.58599542122,2721.68591215992,474.328138642232,0,1815.89004192722,4097.55186434904,8650.90210715357,13345.5693696352,20951.0630871323,24434.9101423531,36963.2365933858,44531.3518876216,45085.020680351,58069.7965514956,43967.9789385671,31342.4065661367,31192.3602324233,36771.778343036,61955.6559050563,33654.2288812484,35573.6015449759,57778.3545817921,27139.0543724878,43691.871006232,46382.3699759975,49700.8366601409,40897.8265216152,43010.7034100843,43060.7188546555
"bn-3",44705.8566045514,42323.9280440478,37972.5956519828,36865.3838526242,33918.0142575242,24016.2052181716,20551.5212912769,13640.3844556829,8911.4760373484,4537.57595408711,2290.21818056942,1815.89004192722,0,2281.66182242183,6835.01206522636,11529.679327708,19135.1730452051,22619.0201004259,35147.3465514585,42715.4618456944,43269.1306384237,56253.9065095683,45783.8689804943,29526.5165242095,29376.4701904961,34955.8883011087,60139.7658631291,31838.3388393212,33757.7115030486,55962.4645398648,28954.944414415,41875.9809643048,44566.4799340702,47884.9466182137,39081.936479688,44826.5934520115,44876.6088965827
"bn-2",46987.5184269732,44605.5898664696,40254.2574744046,39147.045675046,36199.676079946,26297.8670405934,22833.1831136987,15922.0462781047,11193.1378597702,6819.23777650893,4571.88000299124,4097.55186434904,2281.66182242183,0,4553.35024280453,9248.01750528617,16853.5112227833,20337.358278004,32865.6847290367,40433.8000232725,40987.4688160019,53972.2446871465,48065.5308029161,27244.8547017877,27094.8083680743,32674.2264786869,57858.1040407073,29556.6770168994,31476.0496806268,53680.802717443,31236.6062368368,39594.3191418829,42284.8181116484,45603.2847957919,36800.2746572662,47108.2552744333,47158.2707190045
"bn-1",51540.8686697777,49158.9401092741,44807.6077172091,43700.3959178505,40753.0263227505,30851.2172833979,27386.5333565033,20475.3965209092,15746.4881025747,11372.5880193134,9125.23024579576,8650.90210715357,6835.01206522636,4553.35024280453,0,4694.66726248164,12300.1609799788,15784.0080351995,28312.3344862322,35880.449780468,36434.1185731974,49418.894444342,52618.8810457206,22691.5044589832,22541.4581252697,28120.8762358824,53304.7537979027,25003.3267740949,26922.6994378223,49127.4524746385,35789.9564796413,35040.9688990784,37731.4678688439,41049.9345529874,32246.9244144616,51661.6055172378,51711.620961809
"bn-Walem",56235.5359322593,53853.6073717557,49502.2749796908,48395.0631803321,45447.6935852322,35545.8845458796,32081.2006189849,25170.0637833908,20441.1553650563,16067.2552817951,13819.8975082774,13345.5693696352,11529.679327708,9248.01750528617,4694.66726248164,0,7605.49371749716,11089.3407727179,23617.6672237506,31185.7825179864,31739.4513107158,44724.2271818604,57313.5483082023,17996.8371965016,17846.7908627881,23426.2089734008,48610.0865354211,20308.6595116133,22228.0321753407,44432.7852121569,40484.6237421229,30346.3016365968,33036.8006063623,36355.2672905057,27552.25715198,56356.2727797195,56406.2882242906
"ru-1",63841.0296497564,61459.1010892529,57107.7686971879,56000.5568978292,53053.1873027293,43151.3782633767,39686.694336482,32775.5575008879,28046.6490825534,23672.7489992922,21425.3912257745,20951.0630871323,19135.1730452051,16853.5112227833,12300.1609799788,7605.49371749716,0,3483.84705522079,16012.1735062535,23580.2888004893,24133.9575932187,37118.7334643632,64919.0420256994,10391.3434790045,10241.297145291,15820.7152559037,41004.592817924,12703.1657941161,14622.5384578436,36827.2914946597,48090.1174596201,22740.8079190997,25431.3068888652,28749.7735730086,19946.7634344829,63961.7664972166,64011.7819417878
"me-7-2b",67324.8767049772,64942.9481444736,60591.6157524087,59484.40395305,56537.03435795,46635.2253185975,43170.5413917028,36259.4045561087,31530.4961377742,27156.5960545129,24909.2382809953,24434.9101423531,22619.0201004259,20337.358278004,15784.0080351995,11089.3407727179,3483.84705522079,0,12528.3264510327,20096.4417452685,20650.1105379979,33634.8864091425,68402.8890809201,6907.49642378369,6757.45009007024,12336.8682006829,37520.7457627032,9219.31873889538,11138.6914026228,33343.444439439,51573.9645148408,19256.9608638789,21947.4598336444,25265.9265177878,16462.9163792621,67445.6135524374,67495.6289970085
"s-9a",57276.1354139109,55989.4577317465,60340.7901238115,61448.0019231701,64395.3715182701,59163.5517696301,55698.8678427354,48787.7310071414,44058.8225888069,39684.9225055456,37437.5647320279,36963.2365933858,35147.3465514585,32865.6847290367,28312.3344862322,23617.6672237506,16012.1735062535,12528.3264510327,0,7568.11529423584,8121.78408696522,21106.5599581098,58354.1477898539,5620.83002724902,5770.87636096248,191.458250349786,24992.4193116705,13403.5662596298,15322.9389233573,20815.1179884063,64102.2909658735,23441.2083846134,26131.7073543789,29450.1740385223,20647.1638999966,57396.8722613711,57446.8877059422
"s-10a",49708.0201196751,48421.3424375107,52772.6748295757,53879.8866289343,56827.2562240343,66729.0652633869,63266.9831369713,56355.8463013772,51626.9378830427,47253.0377997815,45005.6800262638,44531.3518876216,42715.4618456944,40433.8000232725,35880.449780468,31185.7825179864,23580.2888004893,20096.4417452685,7568.11529423584,0,553.668792729382,13538.444663874,50786.0324956181,13188.9453214848,13338.9916551983,7759.57354458562,17424.3040174347,20971.6815538657,22891.0542175931,13247.0026941705,61790.3260671435,31009.3236788492,33699.8226486147,37018.2893327581,28215.2791942324,49828.7569671353,49878.7724117064
"ak-41",49183.6450899365,47896.9674077721,52248.299799837,53355.5115991957,56302.8811942957,66204.6902336482,63820.6519297007,56909.5150941066,52180.6066757721,47806.7065925108,45559.3488189932,45085.020680351,43269.1306384237,40987.4688160019,36434.1185731974,31739.4513107158,24133.9575932187,20650.1105379979,8121.78408696522,553.668792729382,0,13014.0696341353,50261.6574658794,13742.6141142142,13892.6604479277,8313.242337315,16899.928987696,21525.350346595,23444.7230103225,12722.6276644318,61265.9510374049,31562.9924715786,34253.491441344,37571.9581254875,28768.9479869618,49304.3819373966,49354.3973819678
"s-12",60736.8801870064,59450.202504842,63801.534896907,64908.7466962656,67856.1162913655,77757.9253307181,76805.4278008452,69894.2909652512,65165.3825469167,60791.4824636554,58544.1246901377,58069.7965514956,56253.9065095683,53972.2446871465,49418.894444342,44724.2271818604,37118.7334643632,33634.8864091425,21106.5599581098,13538.444663874,13014.0696341353,0,61814.8925629494,26727.3899853588,26877.4363190723,21298.0182084596,3885.85935356072,34510.1262177396,36429.4988814671,291.441969703506,72819.1861344747,44547.7683427232,47238.2673124886,50556.7339966321,41753.7238581064,60857.6170344666,60907.6324790377
"rel_grotenete1",1078.01237594293,3459.94093644653,7811.27332851151,8918.48512787016,11865.8547229701,21767.6637623227,25232.3476892174,32143.4845248115,36872.3929431459,41304.8805523887,43493.6507999249,43967.9789385671,45783.8689804943,48065.5308029161,52618.8810457206,57313.5483082023,64919.0420256994,68402.8890809201,58354.1477898539,50786.0324956181,50261.6574658794,61814.8925629494,0,63974.9778171029,64125.0241508163,58545.6060402036,65700.7519165101,71757.7140494837,73677.0867132111,61523.4505932458,16828.9245660793,81795.3561744672,84485.8551442326,87804.3218283761,79001.3116898504,957.275528482791,907.260083911639
"s-8",62896.9654411599,61610.2877589955,65961.6201510605,66391.9003768337,63444.5307817337,53542.7217423811,50078.0378154864,43166.9009798924,38437.9925615579,34064.0924782966,31816.7347047789,31342.4065661367,29526.5165242095,27244.8547017877,22691.5044589832,17996.8371965016,10391.3434790045,6907.49642378369,5620.83002724902,13188.9453214848,13742.6141142142,26727.3899853588,63974.9778171029,0,150.046333713457,5429.37177689923,30613.2493389195,7782.73623238084,9702.10889610827,26435.9480156553,58481.4609386245,17820.3783573644,20510.8773271298,23829.3440112733,15026.3338727476,63017.7022886201,63067.7177331913
"s-8a",63047.0117748734,61760.334092709,66111.6664847739,66241.8540431202,63294.4844480203,53392.6754086677,49927.991481773,43016.8546461789,38287.9462278444,33914.0461445832,31666.6883710655,31192.3602324233,29376.4701904961,27094.8083680743,22541.4581252697,17846.7908627881,10241.297145291,6757.45009007024,5770.87636096248,13338.9916551983,13892.6604479277,26877.4363190723,64125.0241508163,150.046333713457,0,5579.41811061269,30763.295672633,7632.68989866738,9552.06256239481,26585.9943493688,58331.414604911,17670.3320236509,20360.8309934164,23679.2976775598,14876.2875390341,63167.7486223336,63217.7640669047
"s-9",57467.5936642607,56180.9159820963,60532.2483741613,61639.4601735199,64586.8297686199,58972.0935192803,55507.4095923857,48596.2727567916,43867.3643384571,39493.4642551958,37246.1064816782,36771.778343036,34955.8883011087,32674.2264786869,28120.8762358824,23426.2089734008,15820.7152559037,12336.8682006829,191.458250349786,7759.57354458562,8313.242337315,21298.0182084596,58545.6060402036,5429.37177689923,5579.41811061269,0,25183.8775620203,13212.1080092801,15131.4806730075,21006.5762387561,63910.8327155237,23249.7501342636,25940.2491040291,29258.7157881725,20455.7056496468,57588.3305117209,57638.345956292
"s-STD3",64622.7395405671,63336.0618584027,67687.3942504677,68794.6060498263,71741.9756449262,81643.7846842788,80691.2871544059,73780.1503188119,69051.2419004774,64677.3418172162,62429.9840436985,61955.6559050563,60139.7658631291,57858.1040407073,53304.7537979027,48610.0865354211,41004.592817924,37520.7457627032,24992.4193116705,17424.3040174347,16899.928987696,3885.85935356072,65700.7519165101,30613.2493389195,30763.295672633,25183.8775620203,0,38395.9855713004,40315.3582350278,4177.30132326423,76705.0454880354,48433.6276962839,51124.1266660494,54442.5933501928,45639.5832116671,64743.4763880273,64793.4918325984
"s-7",70679.7016735408,69393.0239913763,69810.934491304,68703.7226919453,65756.3530968454,55854.5440574928,52389.8601305981,45478.723295004,40749.8148766696,36375.9147934083,34128.5570198906,33654.2288812484,31838.3388393212,29556.6770168994,25003.3267740949,20308.6595116133,12703.1657941161,9219.31873889538,13403.5662596298,20971.6815538657,21525.350346595,34510.1262177396,71757.7140494837,7782.73623238084,7632.68989866738,13212.1080092801,38395.9855713004,0,1919.37266372743,34218.6842480361,60793.2832537362,10037.6421249836,12728.141094749,16046.6077788925,7243.59764036678,70800.4385210009,70850.4539655721
"s-6",72599.0743372682,71312.3966551038,71730.3071550314,70623.0953556727,67675.7257605728,57773.9167212202,54309.2327943256,47398.0959587315,42669.187540397,38295.2874571357,36047.9296836181,35573.6015449759,33757.7115030486,31476.0496806268,26922.6994378223,22228.0321753407,14622.5384578436,11138.6914026228,15322.9389233573,22891.0542175931,23444.7230103225,36429.4988814671,73677.0867132111,9702.10889610827,9552.06256239481,15131.4806730075,40315.3582350278,1919.37266372743,0,36138.0569117635,62712.6559174636,8118.26946125615,10808.7684310216,14127.2351151651,5324.22497663935,72719.8111847283,72769.8266292995
"s-11",60445.4382173029,59158.7605351385,63510.0929272035,64617.3047265621,67564.674321662,77466.4833610146,76513.9858311417,69602.8489955477,64873.9405772132,60500.0404939519,58252.6827204342,57778.3545817921,55962.4645398648,53680.802717443,49127.4524746385,44432.7852121569,36827.2914946597,33343.444439439,20815.1179884063,13247.0026941705,12722.6276644318,291.441969703506,61523.4505932458,26435.9480156553,26585.9943493688,21006.5762387561,4177.30132326423,34218.6842480361,36138.0569117635,0,72527.7441647712,44256.3263730197,46946.8253427851,50265.2920269286,41462.2818884029,60566.1750647631,60616.1905093342
"gn-8",15750.9121901364,13368.9836296328,9017.65123756788,7910.43943820923,4963.06984310925,4938.73919624337,8403.42312313807,15314.5599587321,20043.4683770666,24475.9559863094,26664.7262338456,27139.0543724878,28954.944414415,31236.6062368368,35789.9564796413,40484.6237421229,48090.1174596201,51573.9645148408,64102.2909658735,61790.3260671435,61265.9510374049,72819.1861344747,16828.9245660793,58481.4609386245,58331.414604911,63910.8327155237,76705.0454880354,60793.2832537362,62712.6559174636,72527.7441647712,0,70830.9253787197,73521.4243484852,76839.8910326286,68036.8808941029,15871.6490375966,15921.6644821677
"s-4c",80717.3437985243,79430.6661163599,79848.5766162875,78741.3648169288,75793.9952218289,65892.1861824764,62427.5022555817,55516.3654199876,50787.4570016531,46413.5569183919,44166.1991448742,43691.871006232,41875.9809643048,39594.3191418829,35040.9688990784,30346.3016365968,22740.8079190997,19256.9608638789,23441.2083846134,31009.3236788492,31562.9924715786,44547.7683427232,81795.3561744672,17820.3783573644,17670.3320236509,23249.7501342636,48433.6276962839,10037.6421249836,8118.26946125615,44256.3263730197,70830.9253787197,0,2690.49896976548,6008.96565390896,2794.0444846168,80838.0806459844,80888.0960905555
"s-4b",83407.8427682897,82121.1650861253,82539.0755860529,81431.8637866943,78484.4941915944,68582.6851522418,65118.0012253472,58206.8643897531,53477.9559714186,49104.0558881573,46856.6981146397,46382.3699759975,44566.4799340702,42284.8181116484,37731.4678688439,33036.8006063623,25431.3068888652,21947.4598336444,26131.7073543789,33699.8226486147,34253.491441344,47238.2673124886,84485.8551442326,20510.8773271298,20360.8309934164,25940.2491040291,51124.1266660494,12728.141094749,10808.7684310216,46946.8253427851,73521.4243484852,2690.49896976548,0,3359.87860077914,5484.54345438228,83528.5796157498,83578.595060321
"s-4a",86726.3094524332,85439.6317702688,85857.5422701964,84750.3304708377,81802.9608757378,71901.1518363852,68436.4679094906,61525.3310738965,56796.4226555621,52422.5225723008,50175.1647987831,49700.8366601409,47884.9466182137,45603.2847957919,41049.9345529874,36355.2672905057,28749.7735730086,25265.9265177878,29450.1740385223,37018.2893327581,37571.9581254875,50556.7339966321,87804.3218283761,23829.3440112733,23679.2976775598,29258.7157881725,54442.5933501928,16046.6077788925,14127.2351151651,50265.2920269286,76839.8910326286,6008.96565390896,3359.87860077914,0,8803.01013852575,86847.0462998932,86897.0617444644
"s-5",77923.2993139075,76636.6216317431,77054.5321316707,75947.3203323121,72999.9507372121,63098.1416978596,59633.4577709649,52722.3209353708,47993.4125170363,43619.5124337751,41372.1546602574,40897.8265216152,39081.936479688,36800.2746572662,32246.9244144616,27552.25715198,19946.7634344829,16462.9163792621,20647.1638999966,28215.2791942324,28768.9479869618,41753.7238581064,79001.3116898504,15026.3338727476,14876.2875390341,20455.7056496468,45639.5832116671,7243.59764036678,5324.22497663935,41462.2818884029,68036.8808941029,2794.0444846168,5484.54345438228,8803.01013852575,0,78044.0361613676,78094.0516059387
"rel_grotenete3",120.73684746014,2502.66540796374,6853.99780002872,7961.20959938737,10908.5791944873,20810.3882338399,24275.0721607346,31186.2089963287,35915.1174146632,40347.6050239059,42536.3752714421,43010.7034100843,44826.5934520115,47108.2552744333,51661.6055172378,56356.2727797195,63961.7664972166,67445.6135524374,57396.8722613711,49828.7569671353,49304.3819373966,60857.6170344666,957.275528482791,63017.7022886201,63167.7486223336,57588.3305117209,64743.4763880273,70800.4385210009,72719.8111847283,60566.1750647631,15871.6490375966,80838.0806459844,83528.5796157498,86847.0462998932,78044.0361613676,0,50.0154445711523
"rel_grotenete2",170.752292031292,2552.68085253489,6904.01324459987,8011.22504395852,10958.5946390585,20860.4036784111,24325.0876053058,31236.2244408998,35965.1328592343,40397.6204684771,42586.3907160133,43060.7188546555,44876.6088965827,47158.2707190045,51711.620961809,56406.2882242906,64011.7819417878,67495.6289970085,57446.8877059422,49878.7724117064,49354.3973819678,60907.6324790377,907.260083911639,63067.7177331913,63217.7640669047,57638.345956292,64793.4918325984,70850.4539655721,72769.8266292995,60616.1905093342,15921.6644821677,80888.0960905555,83578.595060321,86897.0617444644,78094.0516059387,50.0154445711523,0
