"","F1","F2","F6","F7","F8","F5","F3","F4","rel_frome"
"F1",0,120.639538551115,1544.10868456432,8649.70627692296,11657.0402291202,341.226493488877,170.613246744428,220.586954937741,3791.340795699
"F2",120.639538551115,0,1423.46914601321,8529.06673837185,11536.4006905691,220.586954937761,49.9737081933126,99.9474163866253,3911.98033425012
"F6",1544.10868456432,1423.46914601321,0,7105.59759235864,10112.9315445559,1202.88219107545,1373.4954378199,1323.52172962658,5276.90799077829
"F7",8649.70627692296,8529.06673837185,7105.59759235864,0,3007.33395219727,8308.47978343409,8479.09303017853,8429.11932198522,12382.5055831369
"F8",11657.0402291202,11536.4006905691,10112.9315445559,3007.33395219727,0,11315.8137356313,11486.4269823758,11436.4532741825,15389.8395353342
"F5",341.226493488877,220.586954937761,1202.88219107545,8308.47978343409,11315.8137356313,0,170.613246744449,120.639538551136,4103.29654444536
"F3",170.613246744428,49.9737081933126,1373.4954378199,8479.09303017853,11486.4269823758,170.613246744449,0,49.9737081933126,3961.95404244343
"F4",220.586954937741,99.9474163866253,1323.52172962658,8429.11932198522,11436.4532741825,120.639538551136,49.9737081933126,0,4011.92775063674
"rel_frome",3791.340795699,3911.98033425012,5276.90799077829,12382.5055831369,15389.8395353342,4103.29654444536,3961.95404244343,4011.92775063674,0
