"","R1","R2","R3","R7","R8","R4","R5","R6","rel_mondego"
"R1",0,25693.8174136342,26488.5874106708,71553.2496610653,74327.9404954183,43640.0568683348,70941.0632781334,71282.5071863898,1622.46242674928
"R2",25693.8174136342,0,794.769997036588,45859.4322474313,48634.1230817843,17946.2394547006,45247.2458644994,45588.6897727558,27316.2798403835
"R3",26488.5874106708,794.769997036588,0,45064.6622503947,47839.3530847477,17151.469457664,44452.4758674628,44793.9197757192,28111.0498374201
"R7",71553.2496610653,45859.4322474313,45064.6622503947,0,2774.69083435306,27913.1927927307,612.186382931872,270.742474675516,73175.7120878144
"R8",74327.9404954183,48634.1230817843,47839.3530847477,2774.69083435306,0,30687.8836270837,3386.87721728493,3045.43330902857,75950.4029221675
"R4",43640.0568683348,17946.2394547006,17151.469457664,27913.1927927307,30687.8836270837,0,27301.0064097988,27642.4503180552,45262.5192950841
"R5",70941.0632781334,45247.2458644994,44452.4758674628,612.186382931872,3386.87721728493,27301.0064097988,0,341.443908256356,72563.5257048826
"R6",71282.5071863898,45588.6897727558,44793.9197757192,270.742474675516,3045.43330902857,27642.4503180552,341.443908256356,0,72904.9696131389
"rel_mondego",1622.46242674928,27316.2798403835,28111.0498374201,73175.7120878144,75950.4029221675,45262.5192950841,72563.5257048826,72904.9696131389,0
