"","gn-14","gn-13","gn-11","gn-10","gn-9","gn-7","gn-6","gn-5","gn-4","gn-3","gn-2","gn-1","bn-3","bn-2","bn-1","bn-Walem","ru-1","me-7-2b","s-9a","s-10a","ak-41","s-12","ws-53A","ws-borssele","ws-WN2","s-8","s-8a","s-9","s-STD3","ws-42A","ws-HW6","ws-18","ws-16","ws-12A","ws-15","ws-6","s-7","s-6","ws-55","ws-13","s-11","ws-PVTSS","ws-4","bpns-WZ","ws-F42","ws-25A","ws-25","ws-23","ws-A5","ws-A3","ws-A1","ws-15A","ws-TRAWL","ws-53","ws-11","ws-OGDL","ws-OG10","ws-2C","bpns-WENDUINEBANKW","gn-8","bpns-Trapegeer","ws-W7","bpns-zbw2","s-4c","s-4b","s-4a","s-5","bpns-Nauticaena","bpns-Faulbaums","ws-F53","ws-12","bpns-Whitley","ws-25B","ws-14","ws-PPC","bpns-WK12","ws-DL12","bpns-A1BIS","ws-DL7","bpns-Grafton","CP_100m_base","rel_grotenete1","rel_grotenete2","rel_grotenete3"
"gn-14",0,2389.9443200896,6586.91243376835,7693.97448529044,10549.4993486042,20308.8031272686,23605.7581383814,30289.7243428139,34735.1172810679,38839.1057517721,40977.5160660513,41401.7691824748,43167.3928760361,45240.1154232121,49634.1064641839,54128.0505121788,61553.2251374489,64998.6842653258,77406.9322969199,84973.6618993158,85256.4973102644,99868.4639074996,124636.91354363,150210.858381889,166726.886760869,71858.3576395621,71658.3547278808,77306.9308410793,103582.666371776,124875.449618192,125913.932741057,142004.24205228,143114.179115753,144758.372548742,147763.924003773,147371.08533973,73958.1378933246,75906.5713175857,124122.676918227,148716.683465814,99568.4676147806,148368.144138157,147761.048991823,187046.947691849,125024.002183775,144238.38589944,144738.352804628,145514.020260658,146348.256773288,146816.809226098,147326.786003344,147353.940607565,166682.587424482,124985.452871287,149023.798469035,164884.091402011,165639.74718873,148472.397367352,212046.572447952,15370.5781439334,240155.896548749,166398.367177326,187934.003237181,83714.7281560993,86304.6511634614,89643.0870226313,81059.1335312412,212125.161248668,229008.38808762,125185.439633363,145509.7604125,233600.632736645,147353.940607565,143965.560360548,147196.763006134,192916.527556902,165766.887099186,202550.181600853,167915.307285522,210736.859301473,208226.804224404,1048.50914452691,141.417705474348,141.417705474348
"gn-13",2389.9443200896,0,4338.37774435009,5445.43979587217,8300.9646591859,18060.2684378504,21357.2234489631,28041.1896533957,32486.5825916496,36590.5710623538,38728.981376633,39153.2344930565,40918.8581866178,42991.5807337938,47385.5717747656,51879.5158227605,59304.6904480306,62750.1495759075,75158.3976075017,82725.1272098976,83007.9626208461,97619.9292180813,122388.378854212,147962.323692471,164478.352071451,69609.8229501439,69409.8200384626,75058.396151661,101334.131682357,122626.914928774,123665.398051638,139755.707362862,140865.644426334,142509.837859324,145515.389314355,145122.550650311,71709.6032039064,73658.0366281674,121874.142228809,146468.148776396,97319.9329253623,146119.609448738,145512.514302405,184798.41300243,122775.467494356,141989.851210021,142489.81811521,143265.48557124,144099.72208387,144568.274536679,145078.251313925,145105.405918147,164434.052735064,122736.918181869,146775.263779616,162635.556712593,163391.212499312,146223.862677934,209798.037758534,13122.0434545151,237907.36185933,164149.832487908,185685.468547762,81466.193466681,84056.1164740431,87394.5523332131,78810.5988418229,209876.626559249,226759.853398202,122936.904943945,143261.225723082,231352.098047227,145105.405918147,141717.025671129,144948.228316716,190667.992867484,163518.352409768,200301.646911434,165666.772596103,208488.324612055,205978.269534985,3438.45346461651,2531.36202556395,2531.36202556395
"gn-11",6586.91243376835,4338.37774435009,0,1107.06205152208,3962.58691483582,13721.8906935003,17018.845704613,23702.8119090456,28148.2048472996,32252.1933180037,34390.6036322829,34814.8567487064,36580.4804422677,38653.2029894437,43047.1940304155,47541.1380784104,54966.3127036805,58411.7718315574,70820.0198631516,78386.7494655475,78669.5848764961,93281.5514737313,118050.001109862,143623.945948121,160139.974327101,65271.4452057938,65071.4422941125,70720.018407311,96995.7539380073,118288.537184424,119327.020307288,135417.329618512,136527.266681984,138171.460114974,141177.011570005,140784.172905961,67371.2254595563,69319.6588838173,117535.764484459,142129.771032046,92981.5551810123,141781.231704388,141174.136558055,180460.03525808,118437.089750006,137651.473465671,138151.44037086,138927.10782689,139761.34433952,140229.896792329,140739.873569575,140767.028173797,160095.674990714,118398.540437519,142436.886035266,158297.178968243,159052.834754961,141885.484933584,205459.660014184,8783.665710165,233568.98411498,159811.454743558,181347.090803412,77127.815722331,79717.7387296931,83056.174588863,74472.2210974729,205538.248814899,222421.475653851,118598.527199595,138922.847978732,227013.720302877,140767.028173797,137378.647926779,140609.850572366,186329.615123134,159179.974665417,195963.269167084,161328.394851753,204149.946867704,201639.891790635,7635.42157829526,6728.3301392427,6728.3301392427
"gn-10",7693.97448529044,5445.43979587217,1107.06205152208,0,2855.52486331373,12614.8286419782,15911.783653091,22595.7498575235,27041.1427957775,31145.1312664817,33283.5415807608,33707.7946971843,35473.4183907456,37546.1409379216,41940.1319788934,46434.0760268883,53859.2506521584,57304.7097800353,69712.9578116296,77279.6874140255,77562.522824974,92174.4894222092,116942.93905834,142516.883896599,159032.912275578,64164.3831542717,63964.3802425904,69612.9563557889,95888.6918864853,117181.475132902,118219.958255766,134310.26756699,135420.204630462,137064.398063452,140069.949518483,139677.110854439,66264.1634080343,68212.5968322953,116428.702432937,141022.708980524,91874.4931294902,140674.169652866,140067.074506533,179352.973206558,117330.027698484,136544.411414149,137044.378319338,137820.045775368,138654.282287998,139122.834740807,139632.811518053,139659.966122275,158988.612939192,117291.478385997,141329.823983744,157190.11691672,157945.772703439,140778.422882062,204352.597962662,7676.60365864291,232461.922063458,158704.392692036,180240.02875189,76020.7536708089,78610.676678171,81949.112537341,73365.1590459508,204431.186763377,221314.413602329,117491.465148073,137815.78592721,225906.658251354,139659.966122275,136271.585875257,139502.788520844,185222.553071612,158072.912613895,194856.207115562,160221.332800231,203042.884816182,200532.829739113,8742.48362981734,7835.39219076478,7835.39219076478
"gn-9",10549.4993486042,8300.9646591859,3962.58691483582,2855.52486331373,0,9817.88091006855,13114.8359211813,19798.8021256139,24244.1950638679,28348.183534572,30486.5938488512,30910.8469652747,32676.470658836,34749.193206012,39143.1842469838,43637.1282949787,51062.3029202488,54507.7620481257,66916.01007972,74482.7396821159,74765.5750930644,89377.5416902996,114145.991326431,139719.936164689,156235.964543669,61367.4354223621,61167.4325106808,66816.0086238793,93091.7441545757,114384.527400992,115423.010523857,131513.31983508,132623.256898553,134267.450331542,137273.001786573,136880.16312253,63467.2156761246,65415.6491003857,113631.754701027,138225.761248614,89077.5453975806,137877.221920957,137270.126774623,176556.025474648,114533.079966575,133747.463682239,134247.430587428,135023.098043458,135857.334556088,136325.887008897,136835.863786144,136863.018390365,156191.665207282,114494.530654088,138532.876251835,154393.169184811,155148.82497153,137981.475150152,201555.650230752,4879.6559267333,229664.974331548,155907.444960126,177443.08101998,73223.8059388993,75813.7289462614,79152.1648054314,70568.2113140412,201634.239031467,218517.46587042,114694.517416163,135018.8381953,223109.710519445,136863.018390365,133474.638143347,136705.840788934,182425.605339702,155275.964881986,192059.259383652,157424.385068322,200245.937084273,197735.882007203,11598.0084931311,10690.9170540785,10690.9170540785
"gn-7",20308.8031272686,18060.2684378504,13721.8906935003,12614.8286419782,9817.88091006855,0,3296.95501111277,9980.92121554535,14426.3141537993,18530.3026245035,20668.7129387827,21092.9660552061,22858.5897487674,24931.3122959434,29325.3033369152,33819.2473849101,41244.4220101802,44689.8811380571,57098.1291696514,64664.8587720474,64947.694182996,79559.6607802311,104328.110416362,129902.055254621,146418.0836336,51549.5545122935,51349.5516006122,56998.1277138107,83273.8632445072,104566.646490924,105605.129613788,121695.438925012,122805.375988484,124449.569421474,127455.120876505,127062.282212461,53649.334766056,55597.7681903171,103813.873790959,128407.880338545,79259.6644875121,128059.341010888,127452.245864554,166738.14456458,104715.199056506,123929.582772171,124429.549677359,125205.217133389,126039.45364602,126508.006098829,127017.982876075,127045.137480296,146373.784297213,104676.649744019,128714.995341766,144575.288274742,145330.944061461,128163.594240083,191737.769320684,4938.22498333526,219847.09342148,146089.564050057,167625.200109912,63405.9250288309,65995.848036193,69334.2838953629,60750.3304039727,191816.358121399,208699.584960351,104876.636506094,125200.957285231,213291.829609376,127045.137480296,123656.757233279,126887.959878866,172607.724429633,145458.083971917,182241.378473584,147606.504158253,190428.056174204,187918.001097135,21357.3122717955,20450.220832743,20450.220832743
"gn-6",23605.7581383814,21357.2234489631,17018.845704613,15911.783653091,13114.8359211813,3296.95501111277,0,6683.96620443257,11129.3591426865,15233.3476133907,17371.7579276699,17796.0110440934,19561.6347376547,21634.3572848307,26028.3483258024,30522.2923737973,37947.4669990674,41392.9261269443,53801.1741585386,61367.9037609346,61650.7391718832,76262.7057691184,101031.155405249,126605.100243508,143121.128622487,48252.5995011807,48052.5965894994,53701.1727026979,79976.9082333945,101269.691479811,102308.174602675,118398.483913899,119508.420977371,121152.614410361,124158.165865392,123765.327201348,50352.3797549432,52300.8131792043,100516.918779846,125110.925327433,75962.7094763994,124762.385999775,124155.290853442,163441.189553467,101418.244045393,120632.627761058,121132.594666247,121908.262122277,122742.498634907,123211.051087716,123721.027864962,123748.182469184,143076.829286101,101379.694732906,125418.040330653,141278.333263629,142033.989050348,124866.639228971,188440.814309571,8235.17999444803,216550.138410367,142792.609038944,164328.245098799,60108.9700177181,62698.8930250802,66037.3288842502,57453.3753928599,188519.403110286,205402.629949238,101579.681494982,121904.002274119,209994.874598263,123748.182469184,120359.802222166,123591.004867753,169310.769418521,142161.128960804,178944.423462471,144309.54914714,187131.101163091,184621.046086022,24654.2672829083,23747.1758438557,23747.1758438557
"gn-5",30289.7243428139,28041.1896533957,23702.8119090456,22595.7498575235,19798.8021256139,9980.92121554535,6683.96620443257,0,4503.97006965809,8607.95854036228,10746.3688546415,11170.6219710649,12936.2456646262,15008.9682118022,19402.959252774,23896.9033007689,31322.0779260389,34767.5370539158,47175.7850855101,54742.5146879061,55025.3500988547,69637.31669609,94405.766332221,119979.711170479,136495.739549459,41627.2104281522,41427.2075164709,47075.7836296694,73351.5191603661,94644.3024067828,95682.7855296471,111773.094840871,112883.031904343,114527.225337332,117532.776792363,117139.93812832,43726.9906819147,45675.4241061758,93891.5297068179,118485.536254404,69337.320403371,118136.996926747,117529.901780413,156815.800480438,94792.854972365,114007.23868803,114507.205593218,115282.873049248,116117.109561878,116585.662014688,117095.638791934,117122.793396155,136451.440213072,94754.305659878,118792.651257625,134652.944190601,135408.59997732,118241.250155942,181815.425236542,14919.1461988806,209924.749337338,136167.219965916,157702.85602577,53483.5809446896,56073.5039520517,59411.9398112217,50827.9863198314,181894.014037257,198777.24087621,94954.2924219534,115278.61320109,203369.485525235,117122.793396155,113734.413149138,116965.615794725,162685.380345492,135535.739887776,172319.034389442,137684.160074111,180505.712090063,177995.657012993,31338.2334873408,30431.1420482883,30431.1420482883
"gn-4",34735.1172810679,32486.5825916496,28148.2048472996,27041.1427957775,24244.1950638679,14426.3141537993,11129.3591426865,4503.97006965809,0,4186.83711957727,6325.24743385645,6749.50055027991,8515.12424384122,10587.8467910172,14981.837831989,19475.7818799839,26900.9565052539,30346.4156331307,42754.6636647251,50321.3932671211,50604.2286780696,65216.1952753051,89984.644911436,115558.589749694,132074.618128674,37206.0890073672,37006.0860956859,42654.6622088844,68930.3977395811,90223.1809859979,91261.6641088621,107351.973420086,108461.910483558,110106.103916547,113111.655371578,112718.816707535,39305.8692611297,41254.3026853908,89470.4082860329,114064.414833619,64916.1989825861,113715.875505962,113108.780359628,152394.679059653,90371.73355158,109586.117267245,110086.084172433,110861.751628463,111695.988141093,112164.540593903,112674.517371149,112701.67197537,132030.318792287,90333.184239093,114371.52983684,130231.822769816,130987.478556534,113820.128735157,177394.303815757,19364.5391371346,205503.627916553,131746.098545131,153281.734604985,49062.4595239045,51652.3825312667,54990.8183904367,46406.8648990464,177472.892616472,194356.119455424,90533.1710011684,110857.491780305,198948.36410445,112701.67197537,109313.291728353,112544.49437394,158264.258924707,131114.61846699,167897.912968657,133263.038653326,176084.590669277,173574.535592208,35783.6264255948,34876.5349865423,34876.5349865423
"gn-3",38839.1057517721,36590.5710623538,32252.1933180037,31145.1312664817,28348.183534572,18530.3026245035,15233.3476133907,8607.95854036228,4186.83711957727,0,2138.41031427918,2562.66343070264,4328.28712426395,6401.00967143992,10795.0007124117,15288.9447604066,22714.1193856767,26159.5785135535,38567.8265451478,46134.5561475438,46417.3915584923,61029.3581557278,85797.8077918588,111371.752630117,127887.781009096,33019.2518877899,32819.2489761086,38467.8250893071,64743.5606200039,86036.3438664206,87074.8269892849,103165.136300508,104275.073363981,105919.26679697,108924.818252001,108531.979587958,35119.0321415524,37067.4655658135,85283.5711664557,109877.577714042,60729.3618630088,109529.038386385,108921.943240051,148207.841940076,86184.8964320028,105399.280147667,105899.247052856,106674.914508886,107509.151021516,107977.703474326,108487.680251572,108514.834855793,127843.48167271,86146.3471195158,110184.692717263,126044.985650238,126800.641436957,109633.29161558,173207.46669618,23468.5276078388,201316.790796976,127559.261425553,149094.897485408,44875.6224043272,47465.5454116894,50803.9812708594,42220.0277794691,173286.055496895,190169.282335847,86346.3338815912,106670.654660728,194761.526984872,108514.834855793,105126.454608776,108357.657254362,154077.421805129,126927.781347413,163711.07584908,129076.201533749,171897.7535497,169387.698472631,39887.614896299,38980.5234572465,38980.5234572465
"gn-2",40977.5160660513,38728.981376633,34390.6036322829,33283.5415807608,30486.5938488512,20668.7129387827,17371.7579276699,10746.3688546415,6325.24743385645,2138.41031427918,0,424.253116423457,2189.87680998476,4262.59935716074,8656.5903981325,13150.5344461274,20575.7090713975,24021.1681992743,36429.4162308686,43996.1458332646,44278.9812442131,58890.9478414486,83659.3974775796,109233.342315838,125749.370694817,30880.8415735107,30680.8386618294,36329.4147750279,62605.1503057247,83897.9335521415,84936.4166750058,101026.725986229,102136.663049702,103780.856482691,106786.407937722,106393.569273678,32980.6218272732,34929.0552515343,83145.1608521765,107739.167399763,58590.9515487296,107390.628072105,106783.532925772,146069.431625797,84046.4861177237,103260.869833388,103760.836738577,104536.504194607,105370.740707237,105839.293160046,106349.269937292,106376.424541514,125705.07135843,84007.9368052366,108046.282402983,123906.575335959,124662.231122678,107494.881301301,171069.0563819,25606.9379221179,199178.380482697,125420.851111274,146956.487171129,42737.212090048,45327.1350974102,48665.5709565802,40081.6174651899,171147.645182616,188030.872021568,84207.9235673121,104532.244346449,192623.116670593,106376.424541514,102988.044294497,106219.246940083,151939.01149085,124789.371033134,161572.665534801,126937.79121947,169759.343235421,167249.288158352,42026.0252105782,41118.9337715257,41118.9337715257
"gn-1",41401.7691824748,39153.2344930565,34814.8567487064,33707.7946971843,30910.8469652747,21092.9660552061,17796.0110440934,11170.6219710649,6749.50055027991,2562.66343070264,424.253116423457,0,1765.62369356131,3838.34624073729,8232.33728170904,12726.281329704,20151.455954974,23596.9150828509,36005.1631144451,43571.8927168411,43854.7281277897,58466.6947250251,83235.1443611562,108809.089199415,125325.117578394,30456.5884570872,30256.5855454059,35905.1616586044,62180.8971893012,83473.680435718,84512.1635585823,100602.472869806,101712.409933278,103356.603366268,106362.154821299,105969.316157255,32556.3687108497,34504.8021351108,82720.9077357531,107314.91428334,58166.6984323061,106966.374955682,106359.279809349,145645.178509373,83622.2330013002,102836.616716965,103336.583622153,104112.251078183,104946.487590814,105415.040043623,105925.016820869,105952.17142509,125280.818242007,83583.6836888132,107622.02928656,123482.322219536,124237.978006255,107070.628184878,170644.803265477,26031.1910385414,198754.127366273,124996.597994851,146532.234054705,42312.9589736246,44902.8819809867,48241.3178401567,39657.3643487664,170723.392066192,187606.618905144,83783.6704508886,104107.991230026,192198.86355417,105952.17142509,102563.791178073,105794.99382366,151514.758374427,124365.117916711,161148.412418377,126513.538103046,169335.090118997,166825.035041928,42450.2783270017,41543.1868879491,41543.1868879491
"bn-3",43167.3928760361,40918.8581866178,36580.4804422677,35473.4183907456,32676.470658836,22858.5897487674,19561.6347376547,12936.2456646262,8515.12424384122,4328.28712426395,2189.87680998476,1765.62369356131,0,2072.72254717598,6466.71358814773,10960.6576361426,18385.8322614127,21831.2913892896,34239.5394208838,41806.2690232798,42089.1044342284,56701.0710314638,81469.5206675949,107043.465505853,123559.493884832,28690.9647635259,28490.9618518446,34139.5379650431,60415.2734957399,81708.0567421567,82746.539865021,98836.8491762446,99946.7862397169,101590.979672706,104596.531127737,104203.692463694,30790.7450172884,32739.1784415495,80955.2840421918,105549.290589778,56401.0747387448,105200.751262121,104593.656115787,143879.554815812,81856.6093077389,101070.993023404,101570.959928592,102346.627384622,103180.863897252,103649.416350062,104159.393127308,104186.547731529,123515.194548446,81818.0599952519,105856.405592999,121716.698525975,122472.354312693,105305.004491316,168879.179571916,27796.8147321027,196988.503672712,123230.974301289,144766.610361144,40547.3352800632,43137.2582874254,46475.6941465954,37891.7406552051,168957.768372631,185840.995211583,82018.0467573273,102342.367536464,190433.239860608,104186.547731529,100798.167484512,104029.370130098,149749.134680865,122599.494223149,159382.788724816,124747.914409485,167569.466425436,165059.411348367,44215.902020563,43308.8105815104,43308.8105815104
"bn-2",45240.1154232121,42991.5807337938,38653.2029894437,37546.1409379216,34749.193206012,24931.3122959434,21634.3572848307,15008.9682118022,10587.8467910172,6401.00967143992,4262.59935716074,3838.34624073729,2072.72254717598,0,4393.99104097175,8887.93508896666,16313.1097142368,19758.5688421136,32166.8168737078,39733.5464761038,40016.3818870524,54628.3484842878,79396.7981204189,104970.742958677,121486.771337656,26618.24221635,26418.2393046687,32066.8154178672,58342.5509485639,79635.3341949808,80673.8173178451,96764.1266290686,97874.0636925409,99518.2571255304,102523.808580561,102130.969916518,28718.0224701125,30666.4558943735,78882.5614950158,103476.568042602,54328.3521915688,103128.028714945,102520.933568611,141806.832268636,79783.8867605629,98998.2704762276,99498.2373814162,100273.904837446,101108.141350076,101576.693802886,102086.670580132,102113.825184353,121442.47200127,79745.3374480759,103783.683045823,119643.975978799,120399.631765517,103232.28194414,166806.45702474,29869.5372792787,194915.781125536,121158.251754114,142693.887813968,38474.6127328873,41064.5357402494,44402.9715994194,35819.0181080291,166885.045825455,183768.272664407,79945.3242101513,100269.644989288,188360.517313432,102113.825184353,98725.4449373358,101956.647582923,147676.412133689,120526.771675973,157310.06617764,122675.191862309,165496.74387826,162986.688801191,46288.624567739,45381.5331286864,45381.5331286864
"bn-1",49634.1064641839,47385.5717747656,43047.1940304155,41940.1319788934,39143.1842469838,29325.3033369152,26028.3483258024,19402.959252774,14981.837831989,10795.0007124117,8656.5903981325,8232.33728170904,6466.71358814773,4393.99104097175,0,4552.52117939899,11977.6958046691,15423.1549325459,27831.4029641402,35398.1325665361,35680.9679774847,50292.9345747201,75061.3842108513,100635.32904911,117151.357428089,22282.8283067823,22082.825395101,27731.4015082995,54007.1370389962,75299.9202854132,76338.4034082775,92428.712719501,93538.6497829733,95182.8432159628,98188.3946709938,97795.5560069502,24382.6085605448,26331.0419848059,74547.1475854482,99141.1541330348,49992.9382820011,98792.6148053771,98185.5196590437,137471.418359068,75448.4728509954,94662.85656666,95162.8234718486,95938.4909278785,96772.7274405088,97241.2798933181,97751.2566705642,97778.4112747856,117107.058091702,75409.9235385083,99448.2691362552,115308.562069231,116064.21785595,98896.8680345727,162471.043115172,34263.5283202504,190580.367215968,116822.837844546,138358.4739044,34139.1988233196,36729.1218306817,40067.5576898517,31483.6041984614,162549.631915887,179432.858754839,75609.9103005838,95934.2310797207,184025.103403864,97778.4112747856,94390.0310277682,97621.2336733549,143340.998224122,116191.357766406,152974.652268072,118339.777952742,161161.329968692,158651.274891623,50682.6156087108,49775.5241696582,49775.5241696582
"bn-Walem",54128.0505121788,51879.5158227605,47541.1380784104,46434.0760268883,43637.1282949787,33819.2473849101,30522.2923737973,23896.9033007689,19475.7818799839,15288.9447604066,13150.5344461274,12726.281329704,10960.6576361426,8887.93508896666,4552.52117939899,0,7425.17462527007,10870.6337531469,23278.8817847412,30845.6113871371,31128.4467980856,45740.4133953211,70508.8630314524,96082.8078697109,112598.83624869,17730.3071273833,17530.304215702,23178.8803289005,49454.6158595972,70747.3991060143,71785.8822288786,87876.1915401021,88986.1286035744,90630.3220365639,93635.8734915949,93243.0348275513,19830.0873811458,21778.5208054069,69994.6264060493,94588.6329536358,45440.4171026021,94240.0936259782,93632.9984796448,132918.897179669,70895.9516715964,90110.3353872611,90610.3022924497,91385.9697484796,92220.2062611099,92688.7587139192,93198.7354911653,93225.8900953866,112554.536912303,70857.4023591094,94895.7479568563,110756.040889832,111511.696676551,94344.3468551738,157918.521935773,38757.4723682453,186027.846036569,112270.316665147,133805.952725001,29586.6776439206,32176.6006512827,35515.0365104527,26931.0830190625,157997.110736488,174880.33757544,71057.3891211848,91381.7099003217,179472.582224465,93225.8900953866,89837.5098483693,93068.712493956,138788.477044722,111638.836587007,148422.131088673,113787.256773343,156608.808789293,154098.753712224,55176.5596567057,54269.4682176532,54269.4682176532
"ru-1",61553.2251374489,59304.6904480306,54966.3127036805,53859.2506521584,51062.3029202488,41244.4220101802,37947.4669990674,31322.0779260389,26900.9565052539,22714.1193856767,20575.7090713975,20151.455954974,18385.8322614127,16313.1097142368,11977.6958046691,7425.17462527007,0,3445.45912787687,15853.7071594711,23420.4367618671,23703.2721728156,38315.238770051,63083.6884061824,88657.6332444409,105173.66162342,10305.1325021133,10105.1295904319,15753.7057036305,42029.4412343271,63322.2244807443,64360.7076036086,80451.0169148321,81560.9539783044,83205.1474112939,86210.6988663249,85817.8602022813,12404.9127558758,14353.3461801368,62569.4517807793,87163.4583283659,38015.2424773319,86814.9190007083,86207.8238543748,125493.722554399,63470.7770463264,82685.1607619911,83185.1276671798,83960.7951232097,84795.0316358399,85263.5840886493,85773.5608658953,85800.7154701167,105129.362287033,63432.2277338394,87470.5733315863,103330.866264562,104086.522051281,86919.1722299039,150493.347310502,46182.6469935155,178602.671411299,104845.142039877,126380.778099731,22161.5030186505,24751.4260260126,28089.8618851826,19505.9083937924,150571.936111218,167455.16295017,63632.2144959148,83956.5352750518,172047.407599195,85800.7154701167,82412.3352230993,85643.537868686,131363.302419452,104213.661961737,140996.956463403,106362.082148073,149183.634164023,146673.579086953,62601.7342819758,61694.6428429233,61694.6428429233
"me-7-2b",64998.6842653258,62750.1495759075,58411.7718315574,57304.7097800353,54507.7620481257,44689.8811380571,41392.9261269443,34767.5370539158,30346.4156331307,26159.5785135535,24021.1681992743,23596.9150828509,21831.2913892896,19758.5688421136,15423.1549325459,10870.6337531469,3445.45912787687,0,12408.2480315943,19974.9776339902,20257.8130449388,34869.7796421741,59638.2292783056,85212.1741165641,101728.202495543,6859.67337423643,6659.67046255512,12308.2465757536,38583.9821064502,59876.7653528674,60915.2484757317,77005.5577869553,78115.4948504276,79759.6882834171,82765.2397384481,82372.4010744045,8959.45362799893,10907.88705226,59123.9926529024,83717.9992004891,34569.7833494551,83369.4598728315,82762.364726498,122048.263426522,60025.3179184496,79239.7016341143,79739.668539303,80515.3359953329,81349.5725079632,81818.1249607725,82328.1017380185,82355.2563422399,101683.903159156,59986.7686059625,84025.1142037095,99885.4071366853,100641.062923404,83473.7131020271,147047.888182625,49628.1061213924,175157.212283422,101399.682912,122935.318971854,18716.0438907737,21305.9668981358,24644.4027573058,16060.4492659156,147126.476983341,164009.703822293,60186.755368038,80511.076147175,168601.948471318,82355.2563422399,78966.8760952226,82198.0787408092,127917.843291575,100768.20283386,137551.497335526,102916.623020196,145738.175036146,143228.119959077,66047.1934098527,65140.1019708002,65140.1019708002
"s-9a",77406.9322969199,75158.3976075017,70820.0198631516,69712.9578116296,66916.01007972,57098.1291696514,53801.1741585386,47175.7850855101,42754.6636647251,38567.8265451478,36429.4162308686,36005.1631144451,34239.5394208838,32166.8168737078,27831.4029641402,23278.8817847412,15853.7071594711,12408.2480315943,0,7566.72960239595,7849.56501334448,22461.5316105798,47229.9812467112,72803.9260849699,89319.9544639489,5548.57465735787,5748.57756903918,100.001455840655,26175.7340748559,47468.5173212731,48507.0004441374,64597.3097553611,65707.2468188334,67351.4402518228,70356.9917068539,69964.1530428103,13300.9567031912,15249.3901274522,46715.7446213081,71309.7511688948,22161.5353178608,70961.2118412372,70354.1166949038,109640.015394928,47617.0698868552,66831.4536025201,67331.4205077087,68107.0879637386,68941.3244763689,69409.8769291782,69919.8537064242,69947.0083106456,89275.6551275622,47578.5205743682,71616.8661721152,87477.1591050911,88232.8148918098,71065.4650704328,134639.640151031,62036.3541529866,162748.964251827,88991.434880406,110527.07094026,23057.5469659659,25647.469973328,28985.905832498,20401.9523411078,134718.228951746,151601.455790698,47778.5073364437,68102.8281155807,156193.700439724,69947.0083106456,66558.6280636283,69789.830709215,115509.595259981,88359.9548022658,125143.249303931,90508.3749886017,133329.927004551,130819.871927482,78455.4414414469,77548.3500023944,77548.3500023944
"s-10a",84973.6618993158,82725.1272098976,78386.7494655475,77279.6874140255,74482.7396821159,64664.8587720474,61367.9037609346,54742.5146879061,50321.3932671211,46134.5561475438,43996.1458332646,43571.8927168411,41806.2690232798,39733.5464761038,35398.1325665361,30845.6113871371,23420.4367618671,19974.9776339902,7566.72960239595,0,282.835410948532,14894.8020081839,39663.2516443152,65237.196482574,81753.2248615531,13115.3042597538,13315.3071714351,7666.7310582366,18609.00447246,39901.7877188771,40940.2708417414,57030.5801529651,58140.5172164374,59784.7106494269,62790.262104458,62397.4234404144,20867.6863055871,22816.1197298482,39149.0150189121,63743.021566499,14594.8057154649,63394.4822388414,62787.3870925079,102073.285792532,40050.3402844592,59264.7240001241,59764.6909053127,60540.3583613427,61374.594873973,61843.1473267823,62353.1241040283,62380.2787082497,81708.9255251664,40011.7909719722,64050.1365697194,79910.4295026952,80666.085289414,63498.7354680369,127072.910548635,69603.0837553826,155182.234649431,81424.7052780102,102960.341337864,30624.2765683618,33214.1995757239,36552.635434894,27968.6819435037,127151.49934935,144034.726188302,40211.7777340476,60536.0985131848,148626.970837327,62380.2787082497,58991.8984612323,62223.1011068191,107942.865657585,80793.22519987,117576.519701535,82941.6453862058,125763.197402156,123253.142325086,86022.1710438428,85115.0796047902,85115.0796047902
"ak-41",85256.4973102644,83007.9626208461,78669.5848764961,77562.522824974,74765.5750930644,64947.694182996,61650.7391718832,55025.3500988547,50604.2286780696,46417.3915584923,44278.9812442131,43854.7281277897,42089.1044342284,40016.3818870524,35680.9679774847,31128.4467980856,23703.2721728156,20257.8130449388,7849.56501334448,282.835410948532,0,14611.9665972354,39380.4162333667,64954.3610716255,81470.3894506046,13398.1396707024,13598.1425823837,7949.56646918513,18326.1690615115,39618.9523079285,40657.4354307929,56747.7447420166,57857.6818054888,59501.8752384783,62507.4266935094,62114.5880294658,21150.5217165356,23098.9551407967,38866.1796079636,63460.1861555504,14311.9703045163,63111.6468278928,62504.5516815593,101790.450381583,39767.5048735107,58981.8885891756,59481.8554943642,60257.5229503941,61091.7594630244,61560.3119158338,62070.2886930798,62097.4432973012,81426.0901142179,39728.9555610237,63767.3011587709,79627.5940917467,80383.2498784655,63215.9000570884,126790.075137686,69885.9191663311,154899.399238482,81141.8698670616,102677.505926915,30907.1119793104,33497.0349866725,36835.4708458425,28251.5173544523,126868.663938402,143751.890777354,39928.9423230991,60253.2631022362,148344.135426379,62097.4432973012,58709.0630502838,61940.2656958706,107660.030246637,80510.3897889214,117293.684290587,82658.8099752573,125480.361991207,122970.306914138,86305.0064547913,85397.9150157388,85397.9150157388
"s-12",99868.4639074996,97619.9292180813,93281.5514737313,92174.4894222092,89377.5416902996,79559.6607802311,76262.7057691184,69637.31669609,65216.1952753051,61029.3581557278,58890.9478414486,58466.6947250251,56701.0710314638,54628.3484842878,50292.9345747201,45740.4133953211,38315.238770051,34869.7796421741,22461.5316105798,14894.8020081839,14611.9665972354,0,24968.4525478126,50542.3973860714,67058.4257650507,28010.1062679377,28210.109179619,22561.5330664205,3914.20537595742,25206.9886223745,26245.4717452388,42335.7810564624,43445.7181199347,45089.9115529242,48095.4630079553,47702.6243439117,35762.488313771,37710.921738032,24454.2159224095,49048.2224699963,641.424984677539,48699.6831423387,48092.5879960052,87378.4866960296,25355.5411879566,44569.9249036215,45069.8918088101,45845.55926484,46679.7957774703,47148.3482302796,47658.3250075257,47685.4796117471,67014.126428664,25316.9918754696,49355.3374732167,65215.6304061928,65971.2861929116,48803.9363715343,112378.111452133,84497.8857635663,140487.435552928,66729.9061815078,88265.5422413615,45519.0785765458,48109.0015839079,51447.4374430779,42863.4839516877,112456.700252848,129339.9270918,25516.978637545,45841.2994166821,133932.171740825,47685.4796117471,44297.0993647297,47528.3020103164,93248.0665610829,66098.4261033676,102881.720605033,68246.8462897034,111068.398305653,108558.343228584,100916.973052026,100009.881612974,100009.881612974
"ws-53A",124636.91354363,122388.378854212,118050.001109862,116942.93905834,114145.991326431,104328.110416362,101031.155405249,94405.766332221,89984.644911436,85797.8077918588,83659.3974775796,83235.1443611562,81469.5206675949,79396.7981204189,75061.3842108513,70508.8630314524,63083.6884061824,59638.2292783056,47229.9812467112,39663.2516443152,39380.4162333667,24968.4525478126,0,25988.1880826241,42504.2164616033,52778.5559040692,52978.5588157505,47329.9827025519,21054.2471718552,1424.26767482934,2682.8703511249,17781.5717530151,18891.5088164874,20535.7022494769,23541.253704508,23148.4150404644,60530.9379499025,62479.3713741635,1041.43080804016,24494.013166549,25351.2974894048,24145.4738388914,23538.3786925579,62824.2773925826,2065.69265950754,20015.7156001741,20515.6825053628,21291.3499613927,22125.586474023,22594.1389268323,23104.1157040783,23131.2703082997,42459.9171252166,641.424984677539,24801.1281697694,40661.4211027454,41417.0768894642,24249.727068087,87823.9021486856,109266.335399697,115933.226249481,42175.6968780604,63711.3329379146,70287.5282126771,72877.4512200392,76215.8870792092,67631.9335878191,87902.4909494009,104785.717788353,724.257483944762,21287.0901132348,109377.962437378,23131.2703082997,19742.8900612823,22974.0927068691,68693.8572576359,41544.2167999202,78327.511301586,43692.6369862561,86514.1890022061,84004.1339251369,125685.422688158,124778.331249105,124778.331249105
"ws-borssele",150210.858381889,147962.323692471,143623.945948121,142516.883896599,139719.936164689,129902.055254621,126605.100243508,119979.711170479,115558.589749694,111371.752630117,109233.342315838,108809.089199415,107043.465505853,104970.742958677,100635.32904911,96082.8078697109,88657.6332444409,85212.1741165641,72803.9260849699,65237.196482574,64954.3610716255,50542.3973860714,25988.1880826241,0,17106.0030175571,78352.5007423276,78552.5036540089,72903.9275408104,46628.192010114,26826.6844434122,26865.2337558993,12389.1851591305,11109.3474733755,9139.59021682185,5082.90529130127,4831.39550989958,86104.8827881609,88053.3162124219,26088.1814636618,2782.87180696556,50925.2423276635,3424.29679164376,4089.96906938139,39248.7342237453,27175.2237710699,10995.1893445614,10788.1080963933,10115.3574821689,9301.18916246957,8169.84751867552,7138.50733072205,6072.82922962105,16647.4604368049,26136.7406482055,2241.44827812867,14848.9644143338,15604.6202010525,1972.76954015355,64248.3589798486,134840.280237956,92357.6830806437,18434.456411477,40135.7897690773,95861.4730509355,98451.3960582976,101789.831917468,93205.8784260774,64326.9477805639,81210.1746195154,25936.7538861301,8125.41898544189,85802.4192685404,6072.82922962105,10053.7599923612,9652.70039971257,42881.4005692241,15731.7601115085,54751.9681327488,17880.1802978444,62938.6458333691,58191.6772367254,151259.367526417,150352.276087364,150352.276087364
"ws-WN2",166726.886760869,164478.352071451,160139.974327101,159032.912275578,156235.964543669,146418.0836336,143121.128622487,136495.739549459,132074.618128674,127887.781009096,125749.370694817,125325.117578394,123559.493884832,121486.771337656,117151.357428089,112598.83624869,105173.66162342,101728.202495543,89319.9544639489,81753.2248615531,81470.3894506046,67058.4257650507,42504.2164616033,17106.0030175571,0,94868.5291213069,95068.5320329882,89419.9559197897,63144.2203890932,43342.7128223915,43381.2621348785,28202.2879612602,26512.4103556763,23956.8817850817,18962.9627570954,19355.8014211389,102620.91116714,104569.344591401,42604.209842641,18010.2032950543,67441.2707066427,18358.7426227119,18965.8377690454,22142.7312061883,43691.2521500491,25636.7495186089,25136.7826134202,24112.5692107711,22946.9381026471,21815.5964588531,20725.6791394955,19952.8866954151,1307.09726241526,42652.7690271848,17703.0882918339,5449.62697080308,6566.81194162437,18254.4893935163,47142.3559622915,151356.308616935,75251.6800630867,2207.11036498173,23029.7867515202,112377.501429915,114967.424437277,118305.860296447,109721.906805057,47220.9447630068,64104.1716019584,42452.7822651094,22708.4020280853,68696.4162509835,19952.8866954151,25163.9372176416,22595.5237630408,26189.6407960325,5318.29988541558,37645.9651151918,5131.39987742097,45832.642815812,41499.9174635337,167775.395905396,166868.304466343,166868.304466343
"s-8",71858.3576395621,69609.8229501439,65271.4452057938,64164.3831542717,61367.4354223621,51549.5545122935,48252.5995011807,41627.2104281522,37206.0890073672,33019.2518877899,30880.8415735107,30456.5884570872,28690.9647635259,26618.24221635,22282.8283067823,17730.3071273833,10305.1325021133,6859.67337423643,5548.57465735787,13115.3042597538,13398.1396707024,28010.1062679377,52778.5559040692,78352.5007423276,94868.5291213069,0,200.002911681309,5448.57320151722,31724.3087322138,53017.091978631,54055.5751014953,70145.884412719,71255.8214761913,72900.0149091807,75905.5663642117,75512.7277001681,7752.38204583329,9700.81547009435,52264.319278666,76858.3258262527,27710.1099752186,76509.7864985951,75902.6913522616,115188.590052286,53165.6445442131,72380.028259878,72879.9951650666,73655.6626210965,74489.8991337268,74958.4515865361,75468.4283637821,75495.5829680035,94824.2297849201,53127.0952317261,77165.4408294731,93025.7337624489,93781.3895491677,76614.0397277907,140188.214808389,56487.7794956288,168297.538909185,94540.0095377639,116075.645597618,17508.9723086081,20098.8953159701,23437.3311751401,14853.37768375,140266.803609104,157150.030448056,53327.0819938015,73651.4027729386,161742.275097082,75495.5829680035,72107.2027209862,75338.4053665729,121058.169917339,93908.5294596237,130691.823961289,96056.9496459595,138878.501661909,136368.44658484,72906.8667840891,71999.7753450365,71999.7753450365
"s-8a",71658.3547278808,69409.8200384626,65071.4422941125,63964.3802425904,61167.4325106808,51349.5516006122,48052.5965894994,41427.2075164709,37006.0860956859,32819.2489761086,30680.8386618294,30256.5855454059,28490.9618518446,26418.2393046687,22082.825395101,17530.304215702,10105.1295904319,6659.67046255512,5748.57756903918,13315.3071714351,13598.1425823837,28210.109179619,52978.5588157505,78552.5036540089,95068.5320329882,200.002911681309,0,5648.57611319853,31924.3116438951,53217.0948903123,54255.5780131766,70345.8873244003,71455.8243878726,73100.017820862,76105.569275893,75712.7306118494,7552.37913415198,9500.81255841304,52464.3221903473,77058.328737934,27910.1128869,76709.7894102764,76102.6942639429,115388.592963967,53365.6474558944,72580.0311715593,73079.9980767479,73855.6655327778,74689.9020454081,75158.4544982174,75668.4312754634,75695.5858796848,95024.2326966014,53327.0981434074,77365.4437411544,93225.7366741302,93981.392460849,76814.042639472,140388.21772007,56287.7765839475,168497.541820866,94740.0124494452,116275.648509299,17308.9693969267,19898.8924042888,23237.3282634588,14653.3747720686,140466.806520785,157350.033359738,53527.0849054828,73851.4056846199,161942.278008763,75695.5858796848,72307.2056326675,75538.4082782542,121258.17282902,94108.532371305,130891.82687297,96256.9525576408,139078.504573591,136568.449496521,72706.8638724078,71799.7724333552,71799.7724333552
